dsolv
0.000
6.457
-0.027
1.013
0.000
0.000
1.743
1.620
1.821
1.535
3.137
0.000
1.338
0.315
0.592
0.552
2.108
0.000
0.000
0.000
0.000
0.055
0.324
1.424
0.965
0.695
0.609
0.934
2.007
1.868
2.257
1.931
4.475
4.585
0.000
2.060
0.267
0.793
0.597
2.270
0.442
1.369
1.913
6.176
0.586
0.620
0.440
0.908
0.994
3.951
0.937
0.578
0.508
0.000
1.752
1.872
0.000
0.000
0.000
0.000
0.000
0.226
1.271
0.000
1.905
0.774
2.604
0.721
4.405
2.193
0.625
0.709
0.000
1.158
1.071
2.101
2.136
2.183
0.248
0.108
0.000
0.175
1.069
0.804
0.882
1.043
0.687
0.671
1.010
1.930
1.113
1.055
1.778
0.261
2.099
1.434
0.895
1.386
1.353
1.953
1.350
0.985
5.574
5.511
1.856
1.889
0.950
1.536
1.593
1.728
2.325
2.364
0.640
0.844
1.716
1.802
0.773
0.998
4.383
4.581
1.825
2.039
8.315
0.000
0.000
2.445
2.687
0.000
1.681
1.962
2.156
2.111
2.226
2.239
2.176
2.215
2.245
2.218
1.469
1.470
1.397
1.531
2.363
0.000
0.000
0.000
0.901
1.067
3.480
3.534
3.449
2.502
2.460
2.431
3.428
3.340
3.447
2.431
2.502
2.532
13.361
13.412
13.357
1.256
1.192
1.077
1.405
1.151
2.007
2.043
2.131
2.175
0.000
1.215
1.423
1.772
1.965
0.768
0.852
0.394
1.192
2.366
2.355
0.000
0.000
0.197
0.000
0.000
0.000
0.960
0.000
0.000
0.000
1.874
1.878
1.418
0.616
0.675
0.807
0.364
0.691
2.030
0.000
1.281
1.361
0.740
0.000
2.213
1.924
2.160
2.203
2.036
0.000
0.709
1.024
0.000
0.000
0.221
2.273
-0.013
0.253
0.000
0.000
0.684
1.645
0.549
1.274
0.583
1.735
0.386
2.686
1.188
1.363
0.057
1.142
1.258
0.000
0.000
0.000
0.000
0.000
1.523
1.402
1.283
0.874
3.167
0.480
0.478
0.560
0.702
0.637
0.398
0.000
0.159
1.051
1.755
1.218
1.213
0.822
0.711
1.125
3.081
0.000
0.220
0.130
0.000
0.000
0.000
1.090
1.099
0.834
0.800
1.359
0.000
-0.103
-0.019
-0.386
-0.042
0.000
1.770
0.367
0.338
0.377
2.922
2.251
2.051
2.053
0.000
1.649
1.702
1.780
1.424
1.576
1.702
1.546
1.525
1.527
1.511
1.616
1.683
1.734
1.706
1.615
1.549
1.538
0.000
2.048
1.939
1.766
1.860
1.841
0.000
2.253
2.247
1.992
2.114
2.083
2.056
0.000
2.216
2.191
2.198
2.199
1.969
2.014
1.939
1.983
1.970
1.986
2.033
2.004
1.984
1.981
0.000
2.237
2.022
2.005
2.029
2.011
0.000
2.242
2.238
2.229
2.002
2.070
1.976
2.093
2.008
1.997
2.040
1.984
2.017
2.019
2.055
2.107
0.000
1.659
1.499
1.206
1.494
0.000
1.462
1.034
1.341
1.522
1.475
1.277
1.476
1.544
1.430
1.327
1.440
1.492
1.279
1.291
1.163
0.000
