 ph              0.0   1.0   2.0   3.0   4.0   5.0   6.0   7.0   8.0   9.0  10.0  11.0  12.0  13.0  14.0
NTR01A0001_001 0.000 0.000 0.002 0.020 0.143 0.606 0.930 0.991 1.000 1.000 1.000 1.000 1.000 1.000 1.000
NTR+1A0001_002 1.000 1.000 0.998 0.980 0.857 0.394 0.070 0.009 0.000 0.000 0.000 0.000 0.000 0.000 0.000
LYS01A0001_001 0.000 0.000 0.000 0.000 0.000 0.000 0.000 0.004 0.034 0.241 0.751 0.965 0.996 1.000 1.000
LYS+1A0001_002 1.000 1.000 1.000 1.000 1.000 1.000 1.000 0.996 0.966 0.759 0.249 0.035 0.004 0.000 0.000
VAL01A0002_001 1.000 1.000 1.000 1.000 1.000 1.000 1.000 1.000 1.000 1.000 1.000 1.000 1.000 1.000 1.000
PHE01A0003_001 1.000 1.000 1.000 1.000 1.000 1.000 1.000 1.000 1.000 1.000 1.000 1.000 1.000 1.000 1.000
ARG01A0005_001 0.000 0.000 0.000 0.000 0.000 0.000 0.000 0.000 0.000 0.000 0.006 0.040 0.225 0.624 0.872
ARG02A0005_002 0.000 0.000 0.000 0.000 0.000 0.000 0.000 0.000 0.000 0.000 0.000 0.000 0.003 0.008 0.011
ARG02A0005_003 0.000 0.000 0.000 0.000 0.000 0.000 0.000 0.000 0.000 0.000 0.000 0.000 0.002 0.004 0.006
ARG03A0005_004 0.000 0.000 0.000 0.000 0.000 0.000 0.000 0.000 0.000 0.000 0.000 0.003 0.014 0.035 0.050
ARG+1A0005_005 1.000 1.000 1.000 1.000 1.000 1.000 1.000 1.000 1.000 1.000 0.994 0.957 0.757 0.330 0.060
CYD01A0006_001 1.000 1.000 1.000 1.000 1.000 1.000 1.000 1.000 1.000 1.000 1.000 1.000 1.000 1.000 1.000
GLU01A0007_001 0.000 0.000 0.000 0.000 0.000 0.000 0.000 0.000 0.000 0.000 0.000 0.000 0.000 0.000 0.000
GLU01A0007_002 0.039 0.037 0.036 0.029 0.013 0.002 0.000 0.000 0.000 0.000 0.000 0.000 0.000 0.000 0.000
GLU02A0007_003 0.841 0.846 0.822 0.691 0.284 0.048 0.000 0.000 0.000 0.000 0.000 0.000 0.000 0.000 0.000
GLU02A0007_004 0.120 0.117 0.114 0.096 0.039 0.006 0.000 0.000 0.000 0.000 0.000 0.000 0.000 0.000 0.000
GLU-1A0007_005 0.000 0.000 0.027 0.184 0.665 0.944 1.000 1.000 1.000 1.000 1.000 1.000 1.000 1.000 1.000
LEU01A0008_001 1.000 1.000 1.000 1.000 1.000 1.000 1.000 1.000 1.000 1.000 1.000 1.000 1.000 1.000 1.000
ALA01A0009_001 1.000 1.000 1.000 1.000 1.000 1.000 1.000 1.000 1.000 1.000 1.000 1.000 1.000 1.000 1.000
ALA01A0010_001 1.000 1.000 1.000 1.000 1.000 1.000 1.000 1.000 1.000 1.000 1.000 1.000 1.000 1.000 1.000
ALA01A0011_001 1.000 1.000 1.000 1.000 1.000 1.000 1.000 1.000 1.000 1.000 1.000 1.000 1.000 1.000 1.000
MET01A0012_001 1.000 1.000 1.000 1.000 1.000 1.000 1.000 1.000 1.000 1.000 1.000 1.000 1.000 1.000 1.000
LYS01A0013_001 0.000 0.000 0.000 0.000 0.000 0.000 0.000 0.000 0.000 0.007 0.054 0.328 0.803 0.966 0.996
LYS+1A0013_002 1.000 1.000 1.000 1.000 1.000 1.000 1.000 1.000 1.000 0.993 0.946 0.672 0.197 0.034 0.004
ARG01A0014_001 0.000 0.000 0.000 0.000 0.000 0.000 0.000 0.000 0.000 0.000 0.000 0.013 0.079 0.330 0.563
ARG02A0014_002 0.000 0.000 0.000 0.000 0.000 0.000 0.000 0.000 0.000 0.000 0.000 0.000 0.023 0.095 0.159
ARG03A0014_003 0.000 0.000 0.000 0.000 0.000 0.000 0.000 0.000 0.000 0.000 0.000 0.004 0.025 0.111 0.187
ARG+1A0014_004 1.000 1.000 1.000 1.000 1.000 1.000 1.000 1.000 1.000 1.000 1.000 0.982 0.873 0.464 0.092
HIS01A0015_001 0.000 0.000 0.000 0.000 0.000 0.003 0.021 0.048 0.055 0.056 0.051 0.045 0.040 0.027 0.019
HIS01A0015_002 0.000 0.000 0.000 0.000 0.000 0.013 0.066 0.173 0.214 0.204 0.199 0.190 0.156 0.128 0.093
HIS02A0015_003 0.000 0.000 0.000 0.000 0.004 0.037 0.224 0.546 0.639 0.667 0.685 0.698 0.740 0.785 0.832
HIS02A0015_004 0.000 0.000 0.000 0.000 0.000 0.004 0.023 0.060 0.072 0.073 0.066 0.067 0.063 0.060 0.056
HIS+1A0015_005 0.934 0.937 0.935 0.931 0.924 0.875 0.620 0.160 0.020 0.000 0.000 0.000 0.000 0.000 0.000
HIS+1A0015_006 0.066 0.063 0.065 0.069 0.072 0.069 0.047 0.013 0.000 0.000 0.000 0.000 0.000 0.000 0.000
LEU01A0017_001 1.000 1.000 1.000 1.000 1.000 1.000 1.000 1.000 1.000 1.000 1.000 1.000 1.000 1.000 1.000
ASP01A0018_001 0.000 0.000 0.000 0.000 0.000 0.000 0.000 0.000 0.000 0.000 0.000 0.000 0.000 0.000 0.000
ASP01A0018_002 0.103 0.099 0.077 0.028 0.005 0.000 0.000 0.000 0.000 0.000 0.000 0.000 0.000 0.000 0.000
ASP02A0018_003 0.748 0.726 0.585 0.219 0.038 0.005 0.000 0.000 0.000 0.000 0.000 0.000 0.000 0.000 0.000
ASP02A0018_004 0.146 0.145 0.114 0.042 0.007 0.001 0.000 0.000 0.000 0.000 0.000 0.000 0.000 0.000 0.000
ASP-1A0018_005 0.003 0.030 0.224 0.711 0.950 0.994 1.000 1.000 1.000 1.000 1.000 1.000 1.000 1.000 1.000
ASN01A0019_001 1.000 1.000 1.000 1.000 1.000 1.000 1.000 1.000 1.000 1.000 1.000 1.000 1.000 1.000 1.000
TYR01A0020_001 0.403 0.399 0.388 0.395 0.389 0.388 0.374 0.382 0.388 0.367 0.359 0.329 0.303 0.259 0.138
TYR01A0020_002 0.597 0.601 0.612 0.605 0.611 0.612 0.626 0.618 0.612 0.633 0.630 0.647 0.640 0.535 0.308
TYR-1A0020_003 0.000 0.000 0.000 0.000 0.000 0.000 0.000 0.000 0.000 0.000 0.011 0.024 0.057 0.206 0.554
ARG01A0021_001 0.000 0.000 0.000 0.000 0.000 0.000 0.000 0.000 0.000 0.000 0.003 0.024 0.123 0.433 0.692
ARG02A0021_002 0.000 0.000 0.000 0.000 0.000 0.000 0.000 0.000 0.000 0.000 0.000 0.004 0.021 0.074 0.101
ARG03A0021_003 0.000 0.000 0.000 0.000 0.000 0.000 0.000 0.000 0.000 0.000 0.000 0.003 0.016 0.057 0.088
ARG+1A0021_004 1.000 1.000 1.000 1.000 1.000 1.000 1.000 1.000 1.000 1.000 0.997 0.969 0.840 0.436 0.120
TYR01A0023_001 1.000 1.000 1.000 1.000 1.000 1.000 1.000 0.999 0.991 0.930 0.661 0.231 0.045 0.009 0.000
TYR-1A0023_002 0.000 0.000 0.000 0.000 0.000 0.000 0.000 0.001 0.009 0.070 0.339 0.769 0.955 0.991 1.000
SER01A0024_001 0.109 0.110 0.112 0.102 0.099 0.103 0.108 0.109 0.108 0.119 0.126 0.140 0.145 0.155 0.156
SER01A0024_002 0.518 0.518 0.522 0.534 0.551 0.545 0.538 0.541 0.541 0.526 0.522 0.510 0.510 0.500 0.502
SER01A0024_003 0.372 0.372 0.367 0.364 0.350 0.352 0.354 0.350 0.350 0.356 0.352 0.350 0.346 0.345 0.342
LEU01A0025_001 1.000 1.000 1.000 1.000 1.000 1.000 1.000 1.000 1.000 1.000 1.000 1.000 1.000 1.000 1.000
ASN01A0027_001 0.700 0.700 0.707 0.728 0.737 0.726 0.714 0.711 0.711 0.694 0.688 0.673 0.672 0.657 0.653
ASN01A0027_002 0.300 0.300 0.293 0.272 0.263 0.274 0.286 0.289 0.289 0.306 0.312 0.327 0.328 0.343 0.347
TRP01A0028_001 1.000 1.000 1.000 1.000 1.000 1.000 1.000 1.000 1.000 1.000 1.000 1.000 1.000 1.000 1.000
VAL01A0029_001 1.000 1.000 1.000 1.000 1.000 1.000 1.000 1.000 1.000 1.000 1.000 1.000 1.000 1.000 1.000
CYD01A0030_001 1.000 1.000 1.000 1.000 1.000 1.000 1.000 1.000 1.000 1.000 1.000 1.000 1.000 1.000 1.000
ALA01A0031_001 1.000 1.000 1.000 1.000 1.000 1.000 1.000 1.000 1.000 1.000 1.000 1.000 1.000 1.000 1.000
ALA01A0032_001 1.000 1.000 1.000 1.000 1.000 1.000 1.000 1.000 1.000 1.000 1.000 1.000 1.000 1.000 1.000
LYS01A0033_001 0.000 0.000 0.000 0.000 0.000 0.000 0.000 0.000 0.005 0.037 0.258 0.762 0.956 0.992 0.999
LYS+1A0033_002 1.000 1.000 1.000 1.000 1.000 1.000 1.000 1.000 0.995 0.963 0.742 0.238 0.044 0.008 0.001
PHE01A0034_001 1.000 1.000 1.000 1.000 1.000 1.000 1.000 1.000 1.000 1.000 1.000 1.000 1.000 1.000 1.000
GLU01A0035_001 0.099 0.099 0.095 0.097 0.089 0.065 0.018 0.000 0.000 0.000 0.000 0.000 0.000 0.000 0.000
GLU01A0035_002 0.760 0.760 0.754 0.740 0.699 0.509 0.141 0.018 0.003 0.000 0.000 0.000 0.000 0.000 0.000
GLU02A0035_003 0.002 0.002 0.002 0.002 0.000 0.001 0.000 0.000 0.000 0.000 0.000 0.000 0.000 0.000 0.000
GLU02A0035_004 0.139 0.139 0.145 0.136 0.117 0.083 0.023 0.000 0.000 0.000 0.000 0.000 0.000 0.000 0.000
GLU-1A0035_005 0.000 0.000 0.004 0.024 0.096 0.343 0.818 0.982 0.997 1.000 1.000 1.000 1.000 1.000 1.000
SER01A0036_001 1.000 1.000 1.000 1.000 1.000 1.000 1.000 1.000 1.000 1.000 1.000 1.000 1.000 1.000 1.000
ASN01A0037_001 0.883 0.884 0.883 0.882 0.882 0.880 0.886 0.884 0.879 0.862 0.759 0.513 0.420 0.393 0.381
ASN01A0037_002 0.117 0.116 0.117 0.118 0.118 0.120 0.114 0.116 0.121 0.138 0.241 0.487 0.580 0.607 0.619
PHE01A0038_001 1.000 1.000 1.000 1.000 1.000 1.000 1.000 1.000 1.000 1.000 1.000 1.000 1.000 1.000 1.000
ASN01A0039_001 1.000 1.000 1.000 1.000 1.000 0.998 1.000 0.998 0.997 0.998 0.997 0.998 0.997 0.998 0.997
ASN01A0039_002 0.000 0.000 0.000 0.000 0.000 0.002 0.000 0.002 0.003 0.002 0.003 0.002 0.003 0.002 0.003
THR01A0040_001 0.000 0.000 0.000 0.006 0.041 0.175 0.266 0.285 0.284 0.287 0.283 0.299 0.303 0.298 0.294
THR01A0040_002 0.475 0.479 0.474 0.458 0.415 0.238 0.119 0.103 0.095 0.090 0.077 0.076 0.073 0.077 0.072
THR01A0040_003 0.525 0.521 0.526 0.536 0.544 0.587 0.616 0.612 0.621 0.623 0.639 0.625 0.624 0.625 0.634
GLN01A0041_001 0.262 0.267 0.270 0.275 0.279 0.294 0.295 0.296 0.294 0.294 0.303 0.300 0.295 0.295 0.292
GLN01A0041_002 0.738 0.733 0.730 0.725 0.721 0.706 0.705 0.704 0.706 0.706 0.697 0.700 0.705 0.705 0.708
ALA01A0042_001 1.000 1.000 1.000 1.000 1.000 1.000 1.000 1.000 1.000 1.000 1.000 1.000 1.000 1.000 1.000
THR01A0043_001 0.845 0.842 0.837 0.833 0.835 0.835 0.838 0.835 0.840 0.838 0.840 0.836 0.783 0.669 0.594
THR01A0043_002 0.155 0.158 0.163 0.167 0.165 0.165 0.162 0.165 0.160 0.162 0.160 0.164 0.217 0.331 0.406
ASN01A0044_001 0.092 0.093 0.144 0.342 0.758 0.939 0.975 0.988 0.989 0.989 0.988 0.989 0.990 0.990 0.992
ASN01A0044_002 0.908 0.907 0.856 0.658 0.242 0.061 0.025 0.012 0.011 0.011 0.012 0.011 0.010 0.010 0.008
ARG01A0045_001 0.000 0.000 0.000 0.000 0.000 0.000 0.000 0.000 0.000 0.000 0.002 0.017 0.144 0.396 0.525
ARG02A0045_002 0.000 0.000 0.000 0.000 0.000 0.000 0.000 0.000 0.000 0.000 0.001 0.006 0.043 0.127 0.200
ARG03A0045_003 0.000 0.000 0.000 0.000 0.000 0.000 0.000 0.000 0.000 0.000 0.001 0.005 0.035 0.111 0.179
ARG+1A0045_004 1.000 1.000 1.000 1.000 1.000 1.000 1.000 1.000 1.000 1.000 0.996 0.971 0.778 0.366 0.095
ASN01A0046_001 0.021 0.024 0.059 0.213 0.531 0.667 0.707 0.710 0.715 0.714 0.717 0.715 0.712 0.713 0.736
ASN01A0046_002 0.514 0.520 0.495 0.374 0.147 0.044 0.022 0.016 0.018 0.017 0.016 0.016 0.014 0.013 0.008
ASN01A0046_003 0.450 0.442 0.411 0.324 0.124 0.039 0.020 0.017 0.015 0.016 0.016 0.015 0.014 0.013 0.008
ASN01A0046_004 0.015 0.014 0.035 0.089 0.197 0.250 0.250 0.258 0.252 0.253 0.252 0.254 0.261 0.262 0.248
THR01A0047_001 1.000 1.000 1.000 1.000 1.000 1.000 1.000 1.000 1.000 1.000 1.000 1.000 1.000 1.000 1.000
ASP01A0048_001 0.000 0.000 0.000 0.000 0.000 0.000 0.000 0.000 0.000 0.000 0.000 0.000 0.000 0.000 0.000
ASP01A0048_002 0.194 0.165 0.079 0.014 0.001 0.000 0.000 0.000 0.000 0.000 0.000 0.000 0.000 0.000 0.000
ASP01A0048_003 0.004 0.003 0.002 0.000 0.000 0.000 0.000 0.000 0.000 0.000 0.000 0.000 0.000 0.000 0.000
ASP01A0048_004 0.005 0.004 0.002 0.000 0.000 0.000 0.000 0.000 0.000 0.000 0.000 0.000 0.000 0.000 0.000
ASP02A0048_005 0.760 0.663 0.326 0.060 0.000 0.000 0.000 0.000 0.000 0.000 0.000 0.000 0.000 0.000 0.000
ASP02A0048_006 0.000 0.000 0.000 0.000 0.000 0.000 0.000 0.000 0.000 0.000 0.000 0.000 0.000 0.000 0.000
ASP02A0048_007 0.019 0.016 0.009 0.000 0.000 0.000 0.000 0.000 0.000 0.000 0.000 0.000 0.000 0.000 0.000
ASP02A0048_008 0.000 0.000 0.000 0.000 0.000 0.000 0.000 0.000 0.000 0.000 0.000 0.000 0.000 0.000 0.000
ASP-1A0048_009 0.016 0.126 0.489 0.796 0.864 0.870 0.869 0.870 0.874 0.873 0.870 0.869 0.872 0.876 0.886
ASP-1A0048_010 0.002 0.022 0.093 0.130 0.134 0.130 0.131 0.130 0.126 0.127 0.130 0.131 0.128 0.124 0.114
SER01A0050_001 0.956 0.960 0.979 0.996 0.999 1.000 1.000 1.000 1.000 0.998 1.000 1.000 1.000 1.000 1.000
SER01A0050_002 0.017 0.016 0.008 0.000 0.000 0.000 0.000 0.000 0.000 0.000 0.000 0.000 0.000 0.000 0.000
SER01A0050_003 0.027 0.024 0.013 0.004 0.001 0.000 0.000 0.000 0.000 0.002 0.000 0.000 0.000 0.000 0.000
THR01A0051_001 0.301 0.289 0.219 0.171 0.159 0.167 0.174 0.174 0.168 0.172 0.176 0.167 0.190 0.209 0.186
THR01A0051_002 0.660 0.665 0.750 0.803 0.813 0.802 0.807 0.805 0.808 0.800 0.795 0.804 0.762 0.699 0.655
THR01A0051_003 0.040 0.046 0.031 0.026 0.029 0.031 0.019 0.020 0.024 0.028 0.029 0.029 0.048 0.093 0.158
ASP01A0052_001 0.004 0.004 0.005 0.005 0.000 0.001 0.000 0.000 0.000 0.000 0.000 0.000 0.000 0.000 0.000
ASP01A0052_002 0.019 0.020 0.024 0.020 0.007 0.001 0.000 0.000 0.000 0.000 0.000 0.000 0.000 0.000 0.000
ASP01A0052_003 0.036 0.033 0.038 0.039 0.014 0.004 0.001 0.000 0.000 0.000 0.000 0.000 0.000 0.000 0.000
ASP01A0052_004 0.025 0.024 0.023 0.022 0.008 0.000 0.000 0.000 0.000 0.000 0.000 0.000 0.000 0.000 0.000
ASP02A0052_005 0.634 0.642 0.595 0.448 0.158 0.033 0.010 0.000 0.000 0.000 0.000 0.000 0.000 0.000 0.000
ASP02A0052_006 0.010 0.010 0.013 0.014 0.006 0.002 0.001 0.000 0.000 0.000 0.000 0.000 0.000 0.000 0.000
ASP02A0052_007 0.266 0.267 0.264 0.211 0.080 0.018 0.004 0.000 0.000 0.000 0.000 0.000 0.000 0.000 0.000
ASP02A0052_008 0.006 0.000 0.006 0.006 0.002 0.001 0.000 0.000 0.000 0.000 0.000 0.000 0.000 0.000 0.000
ASP-1A0052_009 0.000 0.000 0.032 0.225 0.696 0.896 0.943 0.962 0.962 0.958 0.961 0.963 0.961 0.961 0.962
ASP-1A0052_010 0.000 0.000 0.000 0.010 0.029 0.044 0.042 0.038 0.038 0.042 0.039 0.037 0.039 0.039 0.038
TYR01A0053_001 0.911 0.857 0.428 0.094 0.013 0.000 0.000 0.000 0.000 0.000 0.000 0.000 0.000 0.000 0.000
TYR01A0053_002 0.089 0.143 0.572 0.906 0.987 1.000 1.000 1.000 1.000 1.000 1.000 1.000 1.000 1.000 1.000
TYR-1A0053_003 0.000 0.000 0.000 0.000 0.000 0.000 0.000 0.000 0.000 0.000 0.000 0.000 0.000 0.000 0.000
ILE01A0055_001 1.000 1.000 1.000 1.000 1.000 1.000 1.000 1.000 1.000 1.000 1.000 1.000 1.000 1.000 1.000
LEU01A0056_001 1.000 1.000 1.000 1.000 1.000 1.000 1.000 1.000 1.000 1.000 1.000 1.000 1.000 1.000 1.000
GLN01A0057_001 0.991 0.990 0.992 0.991 0.989 0.989 0.991 0.991 0.990 0.990 0.991 0.993 0.993 0.993 0.994
GLN01A0057_002 0.009 0.010 0.008 0.009 0.011 0.011 0.009 0.009 0.010 0.010 0.009 0.007 0.007 0.007 0.006
ILE01A0058_001 1.000 1.000 1.000 1.000 1.000 1.000 1.000 1.000 1.000 1.000 1.000 1.000 1.000 1.000 1.000
ASN01A0059_001 0.976 0.980 0.987 0.992 0.996 1.000 0.999 1.000 0.999 1.000 0.999 0.999 0.998 1.000 1.000
ASN01A0059_002 0.000 0.000 0.000 0.000 0.000 0.000 0.000 0.000 0.000 0.000 0.000 0.000 0.000 0.000 0.000
ASN01A0059_003 0.024 0.020 0.013 0.008 0.004 0.000 0.001 0.000 0.001 0.000 0.001 0.001 0.001 0.000 0.000
ASN01A0059_004 0.000 0.000 0.000 0.000 0.000 0.000 0.000 0.000 0.000 0.000 0.000 0.000 0.000 0.000 0.000
SER01A0060_001 0.001 0.000 0.000 0.000 0.000 0.000 0.000 0.000 0.000 0.000 0.000 0.000 0.000 0.000 0.000
SER01A0060_002 0.628 0.597 0.302 0.079 0.024 0.016 0.016 0.016 0.014 0.018 0.015 0.015 0.014 0.014 0.011
SER01A0060_003 0.151 0.143 0.091 0.050 0.034 0.034 0.035 0.036 0.033 0.037 0.029 0.037 0.030 0.034 0.037
SER01A0060_004 0.156 0.174 0.317 0.421 0.457 0.449 0.453 0.448 0.447 0.445 0.459 0.449 0.461 0.463 0.467
SER01A0060_005 0.053 0.047 0.026 0.011 0.005 0.006 0.005 0.006 0.005 0.006 0.006 0.006 0.006 0.006 0.004
SER01A0060_006 0.011 0.039 0.263 0.439 0.479 0.495 0.491 0.494 0.500 0.494 0.492 0.492 0.489 0.483 0.482
ARG01A0061_001 0.000 0.000 0.000 0.000 0.000 0.000 0.000 0.000 0.000 0.000 0.000 0.005 0.041 0.169 0.415
ARG02A0061_002 0.000 0.000 0.000 0.000 0.000 0.000 0.000 0.000 0.000 0.000 0.000 0.004 0.026 0.112 0.261
ARG03A0061_003 0.000 0.000 0.000 0.000 0.000 0.000 0.000 0.000 0.000 0.000 0.000 0.000 0.006 0.034 0.080
ARG03A0061_004 0.000 0.000 0.000 0.000 0.000 0.000 0.000 0.000 0.000 0.000 0.000 0.000 0.001 0.006 0.013
ARG+1A0061_005 1.000 1.000 1.000 1.000 1.000 1.000 1.000 1.000 1.000 1.000 1.000 0.991 0.926 0.680 0.230
TRP01A0062_001 1.000 1.000 1.000 1.000 1.000 1.000 1.000 1.000 1.000 1.000 1.000 1.000 1.000 1.000 1.000
TRP01A0063_001 1.000 1.000 1.000 1.000 1.000 1.000 1.000 1.000 1.000 1.000 1.000 1.000 1.000 1.000 1.000
CYD01A0064_001 1.000 1.000 1.000 1.000 1.000 1.000 1.000 1.000 1.000 1.000 1.000 1.000 1.000 1.000 1.000
ASN01A0065_001 0.972 0.969 0.937 0.909 0.902 0.899 0.895 0.898 0.899 0.898 0.903 0.902 0.894 0.886 0.868
ASN01A0065_002 0.028 0.031 0.063 0.091 0.098 0.101 0.105 0.102 0.101 0.102 0.097 0.098 0.106 0.114 0.132
ASP01A0066_001 0.000 0.000 0.000 0.000 0.000 0.000 0.000 0.000 0.000 0.000 0.000 0.000 0.000 0.000 0.000
ASP01A0066_002 0.000 0.000 0.000 0.000 0.000 0.000 0.000 0.000 0.000 0.000 0.000 0.000 0.000 0.000 0.000
ASP01A0066_003 0.397 0.371 0.187 0.042 0.005 0.000 0.000 0.000 0.000 0.000 0.000 0.000 0.000 0.000 0.000
ASP01A0066_004 0.014 0.009 0.007 0.002 0.000 0.000 0.000 0.000 0.000 0.000 0.000 0.000 0.000 0.000 0.000
ASP01A0066_005 0.000 0.000 0.000 0.000 0.000 0.000 0.000 0.000 0.000 0.000 0.000 0.000 0.000 0.000 0.000
ASP01A0066_006 0.033 0.034 0.017 0.004 0.000 0.000 0.000 0.000 0.000 0.000 0.000 0.000 0.000 0.000 0.000
ASP02A0066_007 0.505 0.477 0.236 0.050 0.008 0.000 0.000 0.000 0.000 0.000 0.000 0.000 0.000 0.000 0.000
ASP02A0066_008 0.000 0.000 0.000 0.000 0.000 0.000 0.000 0.000 0.000 0.000 0.000 0.000 0.000 0.000 0.000
ASP02A0066_009 0.000 0.000 0.000 0.000 0.000 0.000 0.000 0.000 0.000 0.000 0.000 0.000 0.000 0.000 0.000
ASP02A0066_010 0.038 0.033 0.016 0.004 0.000 0.000 0.000 0.000 0.000 0.000 0.000 0.000 0.000 0.000 0.000
ASP02A0066_011 0.000 0.000 0.000 0.000 0.000 0.000 0.000 0.000 0.000 0.000 0.000 0.000 0.000 0.000 0.000
ASP02A0066_012 0.000 0.005 0.000 0.000 0.000 0.000 0.000 0.000 0.000 0.000 0.000 0.000 0.000 0.000 0.000
ASP-1A0066_013 0.007 0.072 0.332 0.552 0.605 0.616 0.605 0.610 0.606 0.619 0.617 0.608 0.610 0.607 0.603
ASP-1A0066_014 0.000 0.000 0.000 0.006 0.008 0.005 0.007 0.000 0.006 0.006 0.006 0.000 0.006 0.005 0.000
ASP-1A0066_015 0.006 0.000 0.205 0.339 0.374 0.379 0.389 0.390 0.387 0.376 0.377 0.392 0.384 0.388 0.397
ARG01A0068_001 0.000 0.000 0.000 0.000 0.000 0.000 0.000 0.000 0.000 0.000 0.000 0.000 0.022 0.092 0.245
ARG02A0068_002 0.000 0.000 0.000 0.000 0.000 0.000 0.000 0.000 0.000 0.000 0.000 0.002 0.009 0.031 0.059
ARG02A0068_003 0.000 0.000 0.000 0.000 0.000 0.000 0.000 0.000 0.000 0.000 0.000 0.003 0.020 0.094 0.251
ARG03A0068_004 0.000 0.000 0.000 0.000 0.000 0.000 0.000 0.000 0.000 0.000 0.000 0.000 0.040 0.101 0.126
ARG03A0068_005 0.000 0.000 0.000 0.000 0.000 0.000 0.000 0.000 0.000 0.000 0.000 0.001 0.005 0.022 0.062
ARG+1A0068_006 1.000 1.000 1.000 1.000 1.000 1.000 1.000 1.000 1.000 1.000 1.000 0.995 0.904 0.659 0.257
THR01A0069_001 0.248 0.239 0.139 0.051 0.024 0.022 0.021 0.019 0.022 0.023 0.022 0.020 0.022 0.027 0.028
THR01A0069_002 0.734 0.747 0.852 0.943 0.972 0.974 0.975 0.978 0.975 0.977 0.975 0.977 0.974 0.970 0.967
THR01A0069_003 0.017 0.014 0.009 0.006 0.004 0.004 0.004 0.003 0.004 0.000 0.003 0.003 0.004 0.004 0.004
PRO01A0070_001 1.000 1.000 1.000 1.000 1.000 1.000 1.000 1.000 1.000 1.000 1.000 1.000 1.000 1.000 1.000
SER01A0072_001 0.612 0.600 0.482 0.393 0.363 0.344 0.336 0.336 0.332 0.334 0.340 0.319 0.303 0.294 0.254
SER01A0072_002 0.232 0.221 0.180 0.137 0.130 0.118 0.119 0.119 0.116 0.118 0.121 0.114 0.108 0.102 0.096
SER01A0072_003 0.117 0.134 0.246 0.340 0.367 0.392 0.395 0.395 0.400 0.399 0.392 0.412 0.426 0.436 0.466
SER01A0072_004 0.039 0.046 0.093 0.129 0.139 0.146 0.149 0.150 0.153 0.149 0.147 0.155 0.163 0.168 0.184
ARG01A0073_001 0.000 0.000 0.000 0.000 0.000 0.000 0.000 0.000 0.000 0.000 0.003 0.032 0.192 0.499 0.617
ARG02A0073_002 0.000 0.000 0.000 0.000 0.000 0.000 0.000 0.000 0.000 0.000 0.000 0.004 0.025 0.067 0.090
ARG03A0073_003 0.000 0.000 0.000 0.000 0.000 0.000 0.000 0.000 0.000 0.000 0.001 0.011 0.071 0.184 0.246
ARG+1A0073_004 1.000 1.000 1.000 1.000 1.000 1.000 1.000 1.000 1.000 1.000 0.996 0.953 0.712 0.250 0.048
ASN01A0074_001 1.000 1.000 1.000 1.000 1.000 1.000 1.000 1.000 1.000 1.000 1.000 1.000 1.000 1.000 1.000
ASN01A0074_002 0.000 0.000 0.000 0.000 0.000 0.000 0.000 0.000 0.000 0.000 0.000 0.000 0.000 0.000 0.000
LEU01A0075_001 1.000 1.000 1.000 1.000 1.000 1.000 1.000 1.000 1.000 1.000 1.000 1.000 1.000 1.000 1.000
CYD01A0076_001 1.000 1.000 1.000 1.000 1.000 1.000 1.000 1.000 1.000 1.000 1.000 1.000 1.000 1.000 1.000
ASN01A0077_001 1.000 1.000 1.000 1.000 1.000 1.000 1.000 1.000 1.000 1.000 1.000 1.000 1.000 1.000 1.000
ILE01A0078_001 1.000 1.000 1.000 1.000 1.000 1.000 1.000 1.000 1.000 1.000 1.000 1.000 1.000 1.000 1.000
PRO01A0079_001 1.000 1.000 1.000 1.000 1.000 1.000 1.000 1.000 1.000 1.000 1.000 1.000 1.000 1.000 1.000
CYD01A0080_001 1.000 1.000 1.000 1.000 1.000 1.000 1.000 1.000 1.000 1.000 1.000 1.000 1.000 1.000 1.000
SER01A0081_001 1.000 1.000 1.000 1.000 1.000 1.000 1.000 1.000 1.000 1.000 1.000 1.000 1.000 1.000 1.000
ALA01A0082_001 1.000 1.000 1.000 1.000 1.000 1.000 1.000 1.000 1.000 1.000 1.000 1.000 1.000 1.000 1.000
LEU01A0083_001 1.000 1.000 1.000 1.000 1.000 1.000 1.000 1.000 1.000 1.000 1.000 1.000 1.000 1.000 1.000
LEU01A0084_001 1.000 1.000 1.000 1.000 1.000 1.000 1.000 1.000 1.000 1.000 1.000 1.000 1.000 1.000 1.000
SER01A0085_001 0.035 0.034 0.031 0.025 0.021 0.020 0.021 0.019 0.018 0.020 0.019 0.019 0.018 0.018 0.019
SER01A0085_002 0.965 0.966 0.969 0.975 0.979 0.980 0.979 0.981 0.982 0.980 0.981 0.981 0.982 0.982 0.981
SER01A0086_001 0.021 0.022 0.022 0.023 0.037 0.088 0.126 0.136 0.138 0.145 0.159 0.170 0.171 0.175 0.174
SER01A0086_002 0.979 0.978 0.978 0.977 0.963 0.912 0.874 0.864 0.862 0.855 0.841 0.830 0.829 0.825 0.826
ASP01A0087_001 0.046 0.045 0.034 0.012 0.002 0.000 0.000 0.000 0.000 0.000 0.000 0.000 0.000 0.000 0.000
ASP01A0087_002 0.023 0.021 0.017 0.005 0.000 0.000 0.000 0.000 0.000 0.000 0.000 0.000 0.000 0.000 0.000
ASP02A0087_003 0.852 0.830 0.634 0.214 0.035 0.004 0.000 0.000 0.000 0.000 0.000 0.000 0.000 0.000 0.000
ASP02A0087_004 0.075 0.071 0.055 0.018 0.003 0.000 0.000 0.000 0.000 0.000 0.000 0.000 0.000 0.000 0.000
ASP-1A0087_005 0.004 0.033 0.260 0.752 0.960 0.996 1.000 1.000 1.000 1.000 1.000 1.000 1.000 1.000 1.000
ILE01A0088_001 1.000 1.000 1.000 1.000 1.000 1.000 1.000 1.000 1.000 1.000 1.000 1.000 1.000 1.000 1.000
THR01A0089_001 0.000 0.000 0.000 0.000 0.003 0.032 0.193 0.479 0.560 0.584 0.594 0.611 0.649 0.691 0.722
THR01A0089_002 0.013 0.015 0.031 0.071 0.086 0.098 0.116 0.137 0.143 0.147 0.148 0.145 0.143 0.138 0.147
THR01A0089_003 0.987 0.985 0.969 0.929 0.911 0.870 0.691 0.384 0.297 0.269 0.258 0.244 0.208 0.170 0.131
ALA01A0090_001 1.000 1.000 1.000 1.000 1.000 1.000 1.000 1.000 1.000 1.000 1.000 1.000 1.000 1.000 1.000
SER01A0091_001 0.110 0.118 0.111 0.109 0.104 0.102 0.105 0.100 0.096 0.092 0.097 0.096 0.100 0.098 0.101
SER01A0091_002 0.177 0.178 0.174 0.185 0.190 0.183 0.182 0.172 0.176 0.171 0.167 0.157 0.154 0.150 0.150
SER01A0091_003 0.418 0.382 0.410 0.400 0.402 0.386 0.360 0.368 0.370 0.378 0.373 0.359 0.360 0.365 0.352
SER01A0091_004 0.243 0.266 0.251 0.252 0.252 0.274 0.298 0.307 0.306 0.307 0.313 0.337 0.333 0.335 0.344
SER01A0091_005 0.052 0.056 0.054 0.053 0.052 0.054 0.054 0.053 0.052 0.052 0.050 0.050 0.053 0.051 0.053
VAL01A0092_001 1.000 1.000 1.000 1.000 1.000 1.000 1.000 1.000 1.000 1.000 1.000 1.000 1.000 1.000 1.000
ASN01A0093_001 0.911 0.910 0.916 0.916 0.915 0.914 0.903 0.888 0.884 0.875 0.834 0.733 0.676 0.646 0.618
ASN01A0093_002 0.089 0.090 0.084 0.084 0.085 0.086 0.097 0.112 0.116 0.125 0.166 0.267 0.324 0.354 0.382
CYD01A0094_001 1.000 1.000 1.000 1.000 1.000 1.000 1.000 1.000 1.000 1.000 1.000 1.000 1.000 1.000 1.000
ALA01A0095_001 1.000 1.000 1.000 1.000 1.000 1.000 1.000 1.000 1.000 1.000 1.000 1.000 1.000 1.000 1.000
LYS01A0096_001 0.000 0.000 0.000 0.000 0.000 0.000 0.000 0.000 0.005 0.037 0.241 0.677 0.924 0.980 0.996
LYS+1A0096_002 1.000 1.000 1.000 1.000 1.000 1.000 1.000 1.000 0.995 0.963 0.759 0.323 0.076 0.020 0.004
LYS01A0097_001 0.000 0.000 0.000 0.000 0.000 0.000 0.000 0.000 0.000 0.020 0.160 0.597 0.919 0.988 1.000
LYS+1A0097_002 1.000 1.000 1.000 1.000 1.000 1.000 1.000 1.000 1.000 0.980 0.840 0.403 0.081 0.012 0.000
ILE01A0098_001 1.000 1.000 1.000 1.000 1.000 1.000 1.000 1.000 1.000 1.000 1.000 1.000 1.000 1.000 1.000
VAL01A0099_001 1.000 1.000 1.000 1.000 1.000 1.000 1.000 1.000 1.000 1.000 1.000 1.000 1.000 1.000 1.000
SER01A0100_001 0.226 0.230 0.227 0.226 0.225 0.221 0.216 0.217 0.214 0.211 0.211 0.195 0.182 0.170 0.113
SER01A0100_002 0.277 0.272 0.264 0.276 0.276 0.284 0.277 0.288 0.292 0.277 0.285 0.285 0.302 0.418 0.651
SER01A0100_003 0.497 0.498 0.509 0.498 0.499 0.495 0.507 0.494 0.494 0.512 0.503 0.520 0.515 0.412 0.236
ASP01A0101_001 0.420 0.421 0.412 0.403 0.330 0.122 0.019 0.000 0.000 0.000 0.000 0.000 0.000 0.000 0.000
ASP01A0101_002 0.224 0.226 0.226 0.215 0.180 0.068 0.010 0.000 0.000 0.000 0.000 0.000 0.000 0.000 0.000
ASP02A0101_003 0.126 0.123 0.131 0.132 0.106 0.041 0.007 0.000 0.000 0.000 0.000 0.000 0.000 0.000 0.000
ASP02A0101_004 0.230 0.229 0.228 0.226 0.188 0.067 0.010 0.000 0.000 0.000 0.000 0.000 0.000 0.000 0.000
ASP-1A0101_005 0.000 0.000 0.002 0.024 0.197 0.701 0.954 1.000 1.000 1.000 1.000 1.000 1.000 1.000 1.000
ASN01A0103_001 0.911 0.909 0.912 0.915 0.924 0.953 0.971 0.970 0.971 0.972 0.972 0.975 0.977 0.978 0.980
ASN01A0103_002 0.089 0.091 0.088 0.085 0.076 0.047 0.029 0.030 0.029 0.028 0.028 0.025 0.023 0.022 0.020
MET01A0105_001 1.000 1.000 1.000 1.000 1.000 1.000 1.000 1.000 1.000 1.000 1.000 1.000 1.000 1.000 1.000
ASN01A0106_001 0.008 0.008 0.008 0.009 0.008 0.009 0.009 0.009 0.010 0.014 0.030 0.056 0.161 0.314 0.374
ASN01A0106_002 0.992 0.992 0.992 0.991 0.992 0.991 0.991 0.991 0.990 0.986 0.970 0.944 0.839 0.686 0.626
ALA01A0107_001 1.000 1.000 1.000 1.000 1.000 1.000 1.000 1.000 1.000 1.000 1.000 1.000 1.000 1.000 1.000
TRP01A0108_001 1.000 1.000 1.000 1.000 1.000 1.000 1.000 1.000 1.000 1.000 1.000 1.000 1.000 1.000 1.000
VAL01A0109_001 1.000 1.000 1.000 1.000 1.000 1.000 1.000 1.000 1.000 1.000 1.000 1.000 1.000 1.000 1.000
ALA01A0110_001 1.000 1.000 1.000 1.000 1.000 1.000 1.000 1.000 1.000 1.000 1.000 1.000 1.000 1.000 1.000
TRP01A0111_001 1.000 1.000 1.000 1.000 1.000 1.000 1.000 1.000 1.000 1.000 1.000 1.000 1.000 1.000 1.000
ARG01A0112_001 0.000 0.000 0.000 0.000 0.000 0.000 0.000 0.000 0.000 0.000 0.004 0.028 0.138 0.301 0.359
ARG02A0112_002 0.000 0.000 0.000 0.000 0.000 0.000 0.000 0.000 0.000 0.000 0.004 0.025 0.137 0.301 0.360
ARG03A0112_003 0.000 0.000 0.000 0.000 0.000 0.000 0.000 0.000 0.000 0.000 0.002 0.015 0.077 0.169 0.197
ARG03A0112_004 0.000 0.000 0.000 0.000 0.000 0.000 0.000 0.000 0.000 0.000 0.000 0.004 0.019 0.044 0.054
ARG+1A0112_005 1.000 1.000 1.000 1.000 1.000 1.000 1.000 1.000 1.000 1.000 0.989 0.929 0.629 0.185 0.030
ASN01A0113_001 0.557 0.560 0.572 0.587 0.607 0.624 0.658 0.675 0.666 0.655 0.631 0.614 0.601 0.595 0.597
ASN01A0113_002 0.443 0.440 0.428 0.413 0.393 0.376 0.342 0.325 0.334 0.345 0.369 0.386 0.399 0.405 0.403
ARG01A0114_001 0.000 0.000 0.000 0.000 0.000 0.000 0.000 0.000 0.000 0.000 0.002 0.012 0.097 0.400 0.665
ARG02A0114_002 0.000 0.000 0.000 0.000 0.000 0.000 0.000 0.000 0.000 0.000 0.000 0.002 0.018 0.068 0.114
ARG03A0114_003 0.000 0.000 0.000 0.000 0.000 0.000 0.000 0.000 0.000 0.000 0.001 0.004 0.019 0.084 0.139
ARG+1A0114_004 1.000 1.000 1.000 1.000 1.000 1.000 1.000 1.000 1.000 1.000 0.997 0.982 0.866 0.448 0.083
CYD01A0115_001 1.000 1.000 1.000 1.000 1.000 1.000 1.000 1.000 1.000 1.000 1.000 1.000 1.000 1.000 1.000
LYS01A0116_001 0.000 0.000 0.000 0.000 0.000 0.000 0.000 0.004 0.031 0.242 0.722 0.949 0.992 1.000 1.000
LYS+1A0116_002 1.000 1.000 1.000 1.000 1.000 1.000 1.000 0.996 0.969 0.758 0.278 0.051 0.008 0.000 0.000
THR01A0118_001 0.987 0.987 0.987 0.986 0.987 0.984 0.984 0.984 0.984 0.984 0.985 0.985 0.986 0.985 0.985
THR01A0118_002 0.013 0.013 0.013 0.014 0.013 0.016 0.016 0.016 0.016 0.016 0.015 0.015 0.014 0.015 0.015
ASP01A0119_001 0.013 0.013 0.012 0.012 0.006 0.000 0.000 0.000 0.000 0.000 0.000 0.000 0.000 0.000 0.000
ASP01A0119_002 0.013 0.012 0.011 0.011 0.005 0.000 0.000 0.000 0.000 0.000 0.000 0.000 0.000 0.000 0.000
ASP02A0119_003 0.973 0.974 0.965 0.858 0.436 0.079 0.009 0.000 0.000 0.000 0.000 0.000 0.000 0.000 0.000
ASP02A0119_004 0.001 0.000 0.000 0.001 0.000 0.000 0.000 0.000 0.000 0.000 0.000 0.000 0.000 0.000 0.000
ASP-1A0119_005 0.000 0.001 0.012 0.117 0.553 0.921 0.991 1.000 1.000 1.000 1.000 1.000 1.000 1.000 1.000
VAL01A0120_001 1.000 1.000 1.000 1.000 1.000 1.000 1.000 1.000 1.000 1.000 1.000 1.000 1.000 1.000 1.000
GLN01A0121_001 0.307 0.309 0.315 0.333 0.315 0.294 0.293 0.295 0.294 0.291 0.290 0.297 0.314 0.326 0.332
GLN01A0121_002 0.693 0.691 0.685 0.667 0.685 0.706 0.707 0.705 0.706 0.709 0.710 0.703 0.686 0.674 0.668
ALA01A0122_001 1.000 1.000 1.000 1.000 1.000 1.000 1.000 1.000 1.000 1.000 1.000 1.000 1.000 1.000 1.000
TRP01A0123_001 1.000 1.000 1.000 1.000 1.000 1.000 1.000 1.000 1.000 1.000 1.000 1.000 1.000 1.000 1.000
ILE01A0124_001 1.000 1.000 1.000 1.000 1.000 1.000 1.000 1.000 1.000 1.000 1.000 1.000 1.000 1.000 1.000
ARG01A0125_001 0.000 0.000 0.000 0.000 0.000 0.000 0.000 0.000 0.000 0.000 0.002 0.019 0.135 0.394 0.551
ARG02A0125_002 0.000 0.000 0.000 0.000 0.000 0.000 0.000 0.000 0.000 0.000 0.000 0.007 0.047 0.135 0.179
ARG03A0125_003 0.000 0.000 0.000 0.000 0.000 0.000 0.000 0.000 0.000 0.000 0.000 0.001 0.006 0.016 0.026
ARG03A0125_004 0.000 0.000 0.000 0.000 0.000 0.000 0.000 0.000 0.000 0.000 0.001 0.007 0.047 0.139 0.193
ARG+1A0125_005 1.000 1.000 1.000 1.000 1.000 1.000 1.000 1.000 1.000 1.000 0.997 0.965 0.766 0.315 0.052
CYD01A0127_001 1.000 1.000 1.000 1.000 1.000 1.000 1.000 1.000 1.000 1.000 1.000 1.000 1.000 1.000 1.000
ARG01A0128_001 0.000 0.000 0.000 0.000 0.000 0.000 0.000 0.000 0.000 0.000 0.000 0.006 0.044 0.166 0.269
ARG02A0128_002 0.000 0.000 0.000 0.000 0.000 0.000 0.000 0.000 0.000 0.000 0.000 0.012 0.089 0.344 0.560
ARG03A0128_003 0.000 0.000 0.000 0.000 0.000 0.000 0.000 0.000 0.000 0.000 0.000 0.000 0.015 0.054 0.090
ARG+1A0128_004 1.000 1.000 1.000 1.000 1.000 1.000 1.000 1.000 1.000 1.000 1.000 0.982 0.852 0.436 0.081
LEU01A0129_001 1.000 1.000 1.000 1.000 1.000 1.000 1.000 1.000 1.000 1.000 1.000 1.000 1.000 1.000 1.000
CTR01A0129_001 0.062 0.064 0.058 0.036 0.010 0.000 0.000 0.000 0.000 0.000 0.000 0.000 0.000 0.000 0.000
CTR01A0129_002 0.292 0.287 0.262 0.158 0.040 0.004 0.000 0.000 0.000 0.000 0.000 0.000 0.000 0.000 0.000
CTR02A0129_003 0.568 0.559 0.507 0.304 0.078 0.009 0.000 0.000 0.000 0.000 0.000 0.000 0.000 0.000 0.000
CTR02A0129_004 0.078 0.077 0.069 0.040 0.011 0.000 0.000 0.000 0.000 0.000 0.000 0.000 0.000 0.000 0.000
CTR-1A0129_005 0.000 0.013 0.104 0.462 0.862 0.987 1.000 1.000 1.000 1.000 1.000 1.000 1.000 1.000 1.000
HOH01A1001_001 0.380 0.392 0.385 0.388 0.391 0.389 0.394 0.390 0.382 0.383 0.386 0.386 0.386 0.390 0.388
HOH01A1001_002 0.323 0.318 0.322 0.324 0.326 0.327 0.323 0.324 0.325 0.324 0.328 0.324 0.324 0.323 0.326
HOH01A1001_003 0.000 0.000 0.000 0.000 0.000 0.000 0.000 0.000 0.000 0.000 0.000 0.000 0.000 0.000 0.000
HOHDMA1001_004 0.298 0.290 0.293 0.288 0.283 0.284 0.283 0.286 0.293 0.293 0.287 0.290 0.290 0.287 0.286
HOH01A1002_001 0.253 0.233 0.139 0.071 0.045 0.042 0.047 0.041 0.044 0.046 0.041 0.038 0.038 0.026 0.015
HOH01A1002_002 0.075 0.071 0.035 0.008 0.001 0.000 0.000 0.000 0.000 0.000 0.000 0.000 0.000 0.000 0.000
HOH01A1002_003 0.013 0.012 0.000 0.000 0.002 0.000 0.002 0.000 0.002 0.002 0.002 0.000 0.002 0.000 0.002
HOH01A1002_004 0.008 0.008 0.005 0.000 0.002 0.003 0.002 0.002 0.000 0.002 0.003 0.000 0.002 0.000 0.003
HOH01A1002_005 0.042 0.038 0.023 0.011 0.008 0.000 0.007 0.006 0.007 0.007 0.007 0.006 0.006 0.000 0.003
HOH01A1002_006 0.058 0.056 0.074 0.086 0.092 0.094 0.092 0.089 0.090 0.084 0.095 0.087 0.096 0.087 0.086
HOH01A1002_007 0.013 0.012 0.005 0.002 0.000 0.000 0.000 0.000 0.000 0.000 0.000 0.000 0.000 0.000 0.000
HOH01A1002_008 0.069 0.073 0.150 0.208 0.240 0.227 0.228 0.226 0.218 0.219 0.216 0.217 0.204 0.205 0.190
HOH01A1002_009 0.102 0.121 0.245 0.319 0.329 0.344 0.333 0.348 0.352 0.352 0.344 0.358 0.324 0.316 0.323
HOH01A1002_010 0.019 0.016 0.018 0.020 0.020 0.024 0.019 0.021 0.022 0.022 0.021 0.020 0.024 0.030 0.034
HOH01A1002_011 0.015 0.018 0.029 0.044 0.044 0.051 0.045 0.048 0.045 0.046 0.050 0.048 0.059 0.079 0.084
HOH01A1002_012 0.005 0.000 0.006 0.007 0.007 0.008 0.007 0.007 0.007 0.007 0.007 0.007 0.010 0.012 0.016
HOH01A1002_013 0.008 0.009 0.005 0.002 0.000 0.000 0.000 0.000 0.000 0.000 0.000 0.000 0.000 0.000 0.001
HOH01A1002_014 0.008 0.008 0.007 0.006 0.006 0.000 0.007 0.006 0.006 0.007 0.007 0.006 0.008 0.011 0.016
HOH01A1002_015 0.018 0.018 0.020 0.021 0.024 0.026 0.024 0.027 0.023 0.025 0.024 0.023 0.030 0.039 0.043
HOH01A1002_016 0.016 0.017 0.023 0.026 0.029 0.029 0.032 0.030 0.029 0.029 0.032 0.029 0.035 0.035 0.037
HOH01A1002_017 0.018 0.016 0.023 0.026 0.027 0.032 0.028 0.029 0.027 0.033 0.029 0.030 0.035 0.041 0.041
HOHDMA1002_018 0.261 0.274 0.194 0.143 0.125 0.119 0.127 0.120 0.128 0.117 0.121 0.129 0.125 0.117 0.106
HOH01A1003_001 0.426 0.403 0.205 0.055 0.017 0.012 0.012 0.012 0.010 0.013 0.011 0.011 0.009 0.009 0.007
HOH01A1003_002 0.017 0.024 0.082 0.134 0.145 0.153 0.154 0.156 0.154 0.153 0.150 0.156 0.164 0.164 0.170
HOH01A1003_003 0.192 0.199 0.276 0.330 0.336 0.328 0.326 0.330 0.333 0.325 0.334 0.322 0.305 0.308 0.286
HOH01A1003_004 0.116 0.115 0.067 0.039 0.030 0.027 0.027 0.027 0.027 0.029 0.028 0.029 0.027 0.025 0.019
HOH01A1003_005 0.034 0.052 0.181 0.272 0.302 0.312 0.315 0.313 0.308 0.314 0.315 0.317 0.330 0.342 0.378
HOHDMA1003_006 0.215 0.206 0.189 0.170 0.171 0.169 0.165 0.162 0.167 0.166 0.162 0.165 0.164 0.152 0.139
HOH01A1004_001 0.022 0.023 0.023 0.024 0.023 0.017 0.015 0.013 0.013 0.013 0.013 0.012 0.013 0.013 0.012
HOH01A1004_002 0.000 0.000 0.000 0.000 0.000 0.000 0.000 0.000 0.000 0.000 0.000 0.000 0.000 0.000 0.000
HOH01A1004_003 0.057 0.062 0.059 0.059 0.059 0.048 0.041 0.042 0.042 0.039 0.045 0.047 0.044 0.045 0.045
HOH01A1004_004 0.262 0.262 0.267 0.268 0.274 0.290 0.301 0.307 0.314 0.311 0.294 0.312 0.298 0.303 0.307
HOH01A1004_005 0.248 0.244 0.248 0.245 0.244 0.275 0.287 0.291 0.293 0.290 0.288 0.300 0.304 0.287 0.284
HOH01A1004_006 0.009 0.009 0.008 0.009 0.008 0.010 0.009 0.011 0.010 0.009 0.012 0.009 0.010 0.009 0.010
HOHDMA1004_007 0.402 0.400 0.394 0.394 0.392 0.359 0.347 0.336 0.328 0.339 0.348 0.319 0.332 0.344 0.342
HOH01A1007_001 0.000 0.000 0.000 0.001 0.000 0.000 0.000 0.000 0.001 0.000 0.000 0.001 0.000 0.000 0.001
HOH01A1007_002 0.040 0.048 0.041 0.046 0.037 0.041 0.040 0.035 0.038 0.035 0.031 0.038 0.039 0.034 0.031
HOH01A1007_003 0.005 0.007 0.006 0.007 0.007 0.000 0.006 0.008 0.007 0.007 0.007 0.009 0.008 0.008 0.008
HOH01A1007_004 0.026 0.028 0.026 0.022 0.025 0.025 0.027 0.027 0.027 0.026 0.026 0.029 0.029 0.029 0.033
HOH01A1007_005 0.025 0.027 0.021 0.023 0.025 0.026 0.029 0.028 0.028 0.028 0.033 0.031 0.034 0.033 0.032
HOH01A1007_006 0.044 0.046 0.044 0.040 0.046 0.044 0.050 0.047 0.048 0.046 0.050 0.049 0.046 0.047 0.051
HOH01A1007_007 0.054 0.057 0.052 0.053 0.055 0.061 0.065 0.064 0.063 0.061 0.067 0.060 0.063 0.072 0.068
HOH01A1007_008 0.033 0.035 0.034 0.035 0.034 0.034 0.047 0.045 0.043 0.045 0.048 0.050 0.049 0.052 0.050
HOH01A1007_009 0.067 0.073 0.070 0.070 0.070 0.073 0.079 0.084 0.075 0.078 0.079 0.077 0.080 0.081 0.084
HOH01A1007_010 0.085 0.093 0.080 0.091 0.091 0.089 0.085 0.085 0.085 0.078 0.078 0.085 0.084 0.075 0.081
HOH01A1007_011 0.227 0.207 0.224 0.211 0.228 0.208 0.202 0.203 0.208 0.214 0.193 0.191 0.186 0.191 0.187
HOH01A1007_012 0.113 0.106 0.111 0.113 0.112 0.111 0.103 0.105 0.101 0.102 0.111 0.101 0.093 0.101 0.093
HOH01A1007_013 0.069 0.062 0.067 0.069 0.062 0.067 0.063 0.065 0.068 0.066 0.071 0.064 0.071 0.068 0.074
HOH01A1007_014 0.094 0.086 0.094 0.095 0.094 0.093 0.091 0.085 0.091 0.094 0.088 0.092 0.094 0.093 0.084
HOHDMA1007_015 0.118 0.125 0.128 0.127 0.115 0.127 0.113 0.120 0.118 0.119 0.117 0.124 0.126 0.115 0.123
HOH01A1008_001 0.000 0.000 0.000 0.000 0.000 0.000 0.000 0.000 0.000 0.000 0.000 0.000 0.000 0.000 0.000
HOH01A1008_002 0.179 0.174 0.140 0.115 0.109 0.102 0.101 0.105 0.098 0.099 0.102 0.098 0.094 0.092 0.087
HOH01A1008_003 0.289 0.281 0.234 0.187 0.175 0.164 0.166 0.158 0.157 0.158 0.163 0.155 0.145 0.137 0.118
HOH01A1008_004 0.272 0.265 0.217 0.181 0.170 0.158 0.153 0.154 0.158 0.158 0.158 0.145 0.139 0.136 0.116
HOH01A1008_005 0.175 0.193 0.330 0.443 0.473 0.504 0.512 0.512 0.520 0.515 0.506 0.531 0.551 0.556 0.600
HOHDMA1008_006 0.085 0.087 0.079 0.075 0.073 0.073 0.069 0.071 0.067 0.069 0.071 0.070 0.071 0.080 0.079
HOH01A1015_001 0.000 0.001 0.001 0.000 0.000 0.001 0.000 0.001 0.000 0.001 0.000 0.000 0.000 0.000 0.000
HOH01A1015_002 0.004 0.003 0.004 0.005 0.004 0.004 0.003 0.003 0.003 0.003 0.003 0.003 0.003 0.003 0.003
HOH01A1015_003 0.073 0.079 0.074 0.082 0.070 0.073 0.076 0.068 0.075 0.069 0.066 0.075 0.075 0.064 0.063
HOH01A1015_004 0.002 0.000 0.000 0.002 0.000 0.001 0.000 0.001 0.001 0.000 0.001 0.001 0.001 0.000 0.001
HOH01A1015_005 0.000 0.000 0.001 0.000 0.000 0.000 0.000 0.000 0.000 0.000 0.000 0.000 0.000 0.001 0.000
HOH01A1015_006 0.000 0.000 0.000 0.000 0.000 0.000 0.000 0.000 0.000 0.000 0.000 0.001 0.000 0.000 0.000
HOH01A1015_007 0.001 0.002 0.000 0.001 0.001 0.000 0.000 0.000 0.001 0.000 0.000 0.000 0.000 0.000 0.000
HOH01A1015_008 0.000 0.000 0.001 0.000 0.001 0.000 0.000 0.000 0.000 0.000 0.000 0.000 0.000 0.000 0.000
HOH01A1015_009 0.000 0.000 0.000 0.000 0.000 0.000 0.000 0.000 0.000 0.000 0.001 0.000 0.000 0.001 0.000
HOH01A1015_010 0.003 0.003 0.000 0.002 0.002 0.003 0.000 0.002 0.002 0.002 0.001 0.000 0.000 0.000 0.000
HOH01A1015_011 0.016 0.019 0.017 0.015 0.018 0.014 0.015 0.013 0.012 0.011 0.013 0.010 0.011 0.010 0.011
HOH01A1015_012 0.006 0.007 0.005 0.006 0.006 0.005 0.005 0.005 0.006 0.005 0.006 0.005 0.005 0.006 0.005
HOH01A1015_013 0.010 0.012 0.012 0.012 0.014 0.011 0.009 0.010 0.006 0.008 0.009 0.007 0.009 0.007 0.007
HOH01A1015_014 0.023 0.029 0.023 0.024 0.022 0.024 0.021 0.023 0.022 0.023 0.021 0.024 0.022 0.020 0.020
HOH01A1015_015 0.634 0.608 0.615 0.606 0.634 0.647 0.672 0.664 0.677 0.675 0.681 0.680 0.675 0.691 0.677
HOHDMA1015_016 0.229 0.237 0.246 0.245 0.229 0.216 0.199 0.210 0.196 0.201 0.199 0.195 0.198 0.197 0.213
HOH01A1016_001 0.391 0.395 0.386 0.396 0.372 0.293 0.243 0.226 0.233 0.228 0.234 0.231 0.229 0.228 0.228
HOH01A1016_002 0.246 0.248 0.250 0.245 0.224 0.141 0.084 0.078 0.072 0.071 0.069 0.066 0.070 0.073 0.069
HOH01A1016_003 0.072 0.068 0.072 0.072 0.097 0.183 0.236 0.247 0.249 0.256 0.256 0.250 0.258 0.253 0.259
HOH01A1016_004 0.000 0.000 0.000 0.000 0.000 0.002 0.000 0.003 0.000 0.003 0.000 0.003 0.004 0.004 0.003
HOHDMA1016_005 0.292 0.289 0.292 0.286 0.308 0.382 0.437 0.446 0.446 0.442 0.441 0.450 0.440 0.442 0.440
HOH01A1073_001 0.000 0.002 0.000 0.003 0.002 0.000 0.002 0.000 0.000 0.002 0.000 0.002 0.003 0.006 0.004
HOH01A1073_002 0.510 0.517 0.579 0.612 0.628 0.633 0.634 0.636 0.638 0.637 0.633 0.638 0.527 0.327 0.200
HOH01A1073_003 0.016 0.015 0.000 0.000 0.007 0.006 0.005 0.005 0.006 0.005 0.006 0.000 0.040 0.077 0.066
HOH01A1073_004 0.000 0.000 0.000 0.000 0.000 0.000 0.000 0.000 0.000 0.000 0.000 0.000 0.000 0.003 0.018
HOH01A1073_005 0.000 0.001 0.000 0.000 0.000 0.000 0.000 0.000 0.000 0.000 0.000 0.003 0.000 0.011 0.020
HOH01A1073_006 0.000 0.000 0.000 0.000 0.000 0.000 0.000 0.000 0.000 0.000 0.000 0.000 0.000 0.000 0.002
HOH01A1073_007 0.003 0.000 0.000 0.003 0.004 0.000 0.003 0.004 0.003 0.004 0.004 0.004 0.013 0.028 0.000
HOH01A1073_008 0.000 0.000 0.000 0.000 0.000 0.000 0.000 0.000 0.000 0.000 0.000 0.000 0.009 0.020 0.023
HOH01A1073_009 0.000 0.000 0.000 0.000 0.000 0.000 0.000 0.000 0.000 0.000 0.000 0.000 0.000 0.000 0.002
HOH01A1073_010 0.132 0.128 0.107 0.093 0.090 0.084 0.083 0.086 0.086 0.089 0.084 0.086 0.091 0.110 0.088
HOH01A1073_011 0.000 0.000 0.000 0.000 0.000 0.000 0.000 0.000 0.000 0.000 0.000 0.000 0.018 0.039 0.043
HOH01A1073_012 0.000 0.000 0.000 0.000 0.000 0.000 0.000 0.000 0.000 0.000 0.000 0.000 0.003 0.007 0.012
HOH01A1073_013 0.000 0.000 0.000 0.001 0.000 0.000 0.001 0.000 0.000 0.001 0.000 0.000 0.000 0.002 0.000
HOH01A1073_014 0.027 0.029 0.017 0.013 0.011 0.013 0.000 0.000 0.008 0.012 0.011 0.011 0.014 0.013 0.015
HOH01A1073_015 0.000 0.000 0.000 0.000 0.000 0.000 0.000 0.000 0.000 0.000 0.000 0.000 0.000 0.000 0.003
HOHDMA1073_016 0.312 0.307 0.296 0.276 0.257 0.264 0.273 0.269 0.259 0.251 0.261 0.256 0.282 0.356 0.505
