   Rotamer making statitics:
   Residue   Start  Clean   Swap Rotate   Self  Hbond Repack  Ioni.   TorH     OH  Elect
   NTRA0001      1      1      1      1      1      1      1      2      2      2      2
   LYSA0001      1      1      1      1      1      1      1      2      2      2      2
   VALA0002      1      1      1      1      1      1      1      1      1      1      1
   PHEA0003      1      1      1      1      1      1      1      1      1      1      1
   GLYA0004      0      0      0      0      0      0      0      0      0      0      0
   ARGA0005      1      1      1      1      1      1      1      4      5      5      5
   CYDA0006      1      1      1      1      1      1      1      1      1      1      1
   GLUA0007      1      1      1      1      1      1      1      3      5      5      5
   LEUA0008      1      1      1      1      1      1      1      1      1      1      1
   ALAA0009      1      1      1      1      1      1      1      1      1      1      1
   ALAA0010      1      1      1      1      1      1      1      1      1      1      1
   ALAA0011      1      1      1      1      1      1      1      1      1      1      1
   META0012      1      1      1      1      1      1      1      1      1      1      1
   LYSA0013      1      1      1      1      1      2      1      2      2      2      2
   ARGA0014      1      1      1      1      1      1      1      4      4      4      4
   HISA0015      1      1      2      2      1      2      2      6      6      6      6
   GLYA0016      0      0      0      0      0      0      0      0      0      0      0
   LEUA0017      1      1      1      1      1      1      1      1      1      1      1
   ASPA0018      1      1      1      1      1      1      1      3      5      5      5
   ASNA0019      1      1      2      2      2      2      1      1      1      1      1
   TYRA0020      1      1      1      1      1      2      1      2      3      3      3
   ARGA0021      1      1      1      1      1      1      1      4      4      4      4
   GLYA0022      0      0      0      0      0      0      0      0      0      0      0
   TYRA0023      1      1      1      1      1      1      1      2      3      3      2
   SERA0024      1      1      1      1      1      2      2      2      3      3      3
   LEUA0025      1      1      1      1      1      1      1      1      1      1      1
   GLYA0026      0      0      0      0      0      0      0      0      0      0      0
   ASNA0027      1      1      2      2      2      4      2      2      2      2      2
   TRPA0028      1      1      1      1      1      1      1      1      1      1      1
   VALA0029      1      1      1      1      1      1      1      1      1      1      1
   CYDA0030      1      1      1      1      1      1      1      1      1      1      1
   ALAA0031      1      1      1      1      1      1      1      1      1      1      1
   ALAA0032      1      1      1      1      1      1      1      1      1      1      1
   LYSA0033      1      1      1      1      1      1      1      2      2      2      2
   PHEA0034      1      1      1      1      1      1      1      1      1      1      1
   GLUA0035      1      1      1      1      1      1      1      3      5      5      5
   SERA0036      1      1      1      1      1      1      1      1      2      2      1
   ASNA0037      1      1      2      2      2      4      2      2      2      2      2
   PHEA0038      1      1      1      1      1      1      1      1      1      1      1
   ASNA0039      1      1      2      2      2      2      2      2      2      2      2
   THRA0040      1      1      1      1      1      1      1      1      3      3      3
   GLNA0041      1      1      2      2      2      2      2      2      2      2      2
   ALAA0042      1      1      1      1      1      1      1      1      1      1      1
   THRA0043      1      1      1      1      1      2      1      1      2      2      2
   ASNA0044      1      1      2      2      2      2      2      2      2      2      2
   ARGA0045      1      1      1      1      1      3      1      4      4      4      4
   ASNA0046      1      1      2      2      2      4      4      4      4      4      4
   THRA0047      1      1      1      1      1      1      1      1      1      1      1
   ASPA0048      1      1      1      1      1      2      2      6     10     10     10
   GLYA0049      0      0      0      0      0      0      0      0      0      0      0
   SERA0050      1      1      1      1      1      3      1      1      3      3      3
   THRA0051      1      1      1      1      1      2      1      1      3      3      3
   ASPA0052      1      1      1      1      1      3      2      6     10     10     10
   TYRA0053      1      1      1      1      1      2      1      2      3      3      3
   GLYA0054      0      0      0      0      0      0      0      0      0      0      0
   ILEA0055      1      1      1      1      1      1      1      1      1      1      1
   LEUA0056      1      1      1      1      1      1      1      1      1      1      1
   GLNA0057      1      1      2      2      2      2      2      2      2      2      2
   ILEA0058      1      1      1      1      1      1      1      1      1      1      1
   ASNA0059      1      1      2      2      2      4      4      4      4      4      4
   SERA0060      1      1      1      1      1      2      2      2      6      6      6
   ARGA0061      1      1      1      1      1      1      1      4      5      5      5
   TRPA0062      1      1      1      1      1      2      1      1      1      1      1
   TRPA0063      1      1      1      1      1      1      1      1      1      1      1
   CYDA0064      1      1      1      1      1      1      1      1      1      1      1
   ASNA0065      1      1      2      2      2      2      2      2      2      2      2
   ASPA0066      1      1      1      1      1      5      3      9     15     15     15
   GLYA0067      0      0      0      0      0      0      0      0      0      0      0
   ARGA0068      1      1      1      1      1      2      1      4      6      6      6
   THRA0069      1      1      1      1      1      2      1      1      3      3      3
   PROA0070      1      1      1      1      1      1      1      1      1      1      1
   GLYA0071      0      0      0      0      0      0      0      0      0      0      0
   SERA0072      1      1      1      1      1      2      2      2      4      4      4
   ARGA0073      1      1      1      1      1      1      1      4      4      4      4
   ASNA0074      1      1      2      2      2      2      2      2      2      2      2
   LEUA0075      1      1      1      1      1      1      1      1      1      1      1
   CYDA0076      1      1      1      1      1      1      1      1      1      1      1
   ASNA0077      1      1      2      2      2      2      1      1      1      1      1
   ILEA0078      1      1      1      1      1      1      1      1      1      1      1
   PROA0079      1      1      1      1      1      1      1      1      1      1      1
   CYDA0080      1      1      1      1      1      1      1      1      1      1      1
   SERA0081      1      1      1      1      1      1      1      1      2      2      1
   ALAA0082      1      1      1      1      1      1      1      1      1      1      1
   LEUA0083      1      1      1      1      1      1      1      1      1      1      1
   LEUA0084      1      1      1      1      1      1      1      1      1      1      1
   SERA0085      1      1      1      1      1      1      1      1      3      3      2
   SERA0086      1      1      1      1      1      1      1      1      2      2      2
   ASPA0087      1      1      1      1      1      1      1      3      5      5      5
   ILEA0088      1      1      1      1      1      1      1      1      1      1      1
   THRA0089      1      1      1      1      1      2      1      1      3      3      3
   ALAA0090      1      1      1      1      1      1      1      1      1      1      1
   SERA0091      1      1      1      1      1      3      3      3      5      5      5
   VALA0092      1      1      1      1      1      1      1      1      1      1      1
   ASNA0093      1      1      2      2      2      2      2      2      2      2      2
   CYDA0094      1      1      1      1      1      1      1      1      1      1      1
   ALAA0095      1      1      1      1      1      1      1      1      1      1      1
   LYSA0096      1      1      1      1      1      1      1      2      2      2      2
   LYSA0097      1      1      1      1      1      1      1      2      2      2      2
   ILEA0098      1      1      1      1      1      1      1      1      1      1      1
   VALA0099      1      1      1      1      1      1      1      1      1      1      1
   SERA0100      1      1      1      1      1      1      1      1      3      3      3
   ASPA0101      1      1      1      1      1      1      1      3      5      5      5
   GLYA0102      0      0      0      0      0      0      0      0      0      0      0
   ASNA0103      1      1      2      2      2      2      2      2      2      2      2
   GLYA0104      0      0      0      0      0      0      0      0      0      0      0
   META0105      1      1      1      1      1      1      1      1      1      1      1
   ASNA0106      1      1      2      2      2      2      2      2      2      2      2
   ALAA0107      1      1      1      1      1      1      1      1      1      1      1
   TRPA0108      1      1      1      1      1      1      1      1      1      1      1
   VALA0109      1      1      1      1      1      1      1      1      1      1      1
   ALAA0110      1      1      1      1      1      1      1      1      1      1      1
   TRPA0111      1      1      1      1      1      2      1      1      1      1      1
   ARGA0112      1      1      1      1      1      1      1      4      5      5      5
   ASNA0113      1      1      2      2      2      2      2      2      2      2      2
   ARGA0114      1      1      1      1      1      1      1      4      4      4      4
   CYDA0115      1      1      1      1      1      1      1      1      1      1      1
   LYSA0116      1      1      1      1      1      1      1      2      2      2      2
   GLYA0117      0      0      0      0      0      0      0      0      0      0      0
   THRA0118      1      1      1      1      1      1      1      1      2      2      2
   ASPA0119      1      1      1      1      1      1      1      3      5      5      5
   VALA0120      1      1      1      1      1      1      1      1      1      1      1
   GLNA0121      1      1      2      2      2      2      2      2      2      2      2
   ALAA0122      1      1      1      1      1      1      1      1      1      1      1
   TRPA0123      1      1      1      1      1      1      1      1      1      1      1
   ILEA0124      1      1      1      1      1      1      1      1      1      1      1
   ARGA0125      1      1      1      1      1      1      1      4      5      5      5
   GLYA0126      0      0      0      0      0      0      0      0      0      0      0
   CYDA0127      1      1      1      1      1      1      1      1      1      1      1
   ARGA0128      1      1      1      1      1      1      1      4      4      4      4
   LEUA0129      1      1      1      1      1      1      1      1      1      1      1
   CTRA0129      1      1      1      1      1      1      1      3      5      5      5
   HOHA1001      1      1      1      1      1      1      2      3      3     35      4
   HOHA1002      1      1      1      1      1      1      2      3      8    238     18
   HOHA1003      1      1      1      1      1      1      2      3      7    157      6
   HOHA1004      1      1      1      1      1      1      2      3      5     62      7
   HOHA1007      1      1      1      1      1      1      2      3      7     69     15
   HOHA1008      1      1      1      1      1      1      2      3      6    118      6
   HOHA1015      1      1      1      1      1      1      2      3      6     83     16
   HOHA1016      1      1      1      1      1      1      2      3      5     89      5
   HOHA1073      1      1      1      1      1      1      2      3     11     51     16
   Total       128    128    146    146    145    180    166    250    346   1190    377
