-0.73235
0.90728
-0.03503
0.09444
0.06784
-0.809
0.33373
0.4744
-0.73267
0.4074
-0.79841
0.92027
-0.74179
-0.04183
0.06646
0.07437
0.03235
0.04383
0.03055
0.03172
0.02749
0.02615
0.02433
0.02313
0.02298
0.02067
0.02167
0.02563
-0.7426
0.48762
0.31125
0.38201
-0.80485
0.91048
-0.73533
-0.04103
0.05916
0.03368
-0.79817
0.93525
-0.72557
-0.08015
0.03327
0.01717
0.02752
0.0249
0.01682
0.02333
0.0175
0.02314
0.01673
0.02429
0.02729
0.03131
0.10303
0.02924
0.03164
0.01617
0.02722
0.01504
0.0415
-0.67038
0.58518
0.01902
0.01956
0.04105
0.01266
0.02599
0.01002
0.02163
0.00876
0.01925
0.00819
0.01823
0.01593
0.00675
0.01347
0.02231
-0.72072
0.91634
-0.04731
0.09305
0.02375
0.03238
0.01369
0.02622
0.00914
0.02209
0.0077
0.01894
0.00988
0.01184
0.01953
0.01697
0.04122
-0.81177
0.35533
0.48525
-0.71893
0.35364
-0.80105
0.92511
-0.71614
-0.05075
0.06418
0.06254
0.02743
0.02031
0.02072
0.01371
0.00875
0.02087
0.01843
0.00718
0.01089
0.01459
0.01145
0.03052
-0.72221
0.91286
-0.04049
0.06162
0.08319
0.05219
0.04871
0.03359
0.04076
0.03695
0.02555
0.03175
0.01737
0.0234
0.02307
0.01913
0.0415
-0.80319
0.39172
0.32929
0.48086
-0.71948
-0.82401
0.8997
-0.73281
-0.03531
0.07512
0.03798
0.04714
0.02488
0.03413
0.02051
0.02954
0.01601
0.02479
0.02234
0.01265
0.01465
0.0191
0.03327
0.04279
0.02531
0.02355
0.02394
0.02356
0.02351
0.02376
0.02486
0.0263
0.04793
-0.73662
0.9056
-0.02366
0.08818
0.03985
0.03547
0.02557
0.02513
0.02749
0.01573
0.03607
-0.80595
0.3617
0.46378
-0.73288
0.44445
-0.80584
0.92296
-0.74451
-0.03583
0.0817
0.04071
0.0266
0.02863
0.01713
0.0216
0.01657
0.02187
0.01929
0.01971
0.02465
0.02678
0.01938
0.04507
0.04313
0.02364
0.02288
0.02201
0.02251
0.02226
0.02356
0.02315
0.02637
0.04674
-0.75332
0.96053
-0.73534
-0.03822
0.09088
0.0472
0.03737
0.03055
0.0306
0.02743
0.02474
0.02374
0.02426
0.02138
0.02268
0.01869
0.02162
0.02412
-0.75641
0.9307
-0.02982
0.09754
0.04441
0.04223
0.05293
-0.80307
0.37116
0.43821
-0.72854
0.38739
-0.80484
0.90958
-0.73267
-0.04672
0.11081
0.04974
0.03163
0.03218
0.02475
0.02868
0.02795
0.02026
0.02583
0.02506
0.02072
0.02283
0.02284
0.03481
-0.73398
0.50991
0.32544
0.37856
-0.82228
0.89014
-0.74541
-0.0342
0.05981
0.03912
-0.80501
0.92893
-0.72579
-0.04458
0.03988
0.01526
0.02631
0.02464
0.01605
0.0241
0.01426
0.02519
0.02402
0.01581
0.02524
0.03952
0.06906
0.02377
0.04408
0.02317
0.02378
0.01761
0.03549
-0.72532
0.90635
-0.03037
0.07363
0.04608
0.03253
0.03193
0.02078
0.02245
0.02594
0.01532
0.02441
0.01656
0.03918
-0.82547
0.34036
0.48637
-0.71246
0.38439
-0.80255
0.91461
-0.72679
-0.07229
0.07176
0.07842
0.02453
0.03172
0.01814
0.02928
0.01593
0.02865
0.03724
-0.66649
0.61232
0.02239
0.02845
0.04716
0.01639
0.02732
0.01228
0.02169
0.00926
0.01912
0.01035
0.0203
0.01789
0.00851
0.01536
0.02204
-0.74048
0.92201
-0.04624
0.12336
0.02794
0.02803
0.02238
0.01465
0.0199
0.00826
0.01994
0.00783
0.03153
-0.78395
0.33248
0.4603
-0.70088
0.38693
-0.79037
0.91837
-0.72732
-0.06281
0.07692
0.03097
0.02112
0.02161
0.01353
0.0168
0.01816
0.0067
0.01182
0.01321
0.01045
0.02132
0.02045
0.02981
-0.7527
0.95764
-0.73547
-0.03835
0.09682
0.04824
0.03719
0.0314
0.03114
0.02776
0.02561
0.02427
0.02541
0.02247
0.02309
0.02055
0.02211
0.02771
-0.72487
0.89829
-0.03667
0.06637
0.07276
0.04396
0.04213
0.04715
0.02901
0.04076
0.02148
0.03407
0.01727
0.02913
0.01483
0.02636
0.02963
-0.8133
0.34677
0.35466
0.46644
-0.70888
-0.8153
0.92278
-0.7088
-0.05367
0.0656
0.0751
0.0604
0.02266
0.03237
0.02613
0.02428
0.02452
0.0213
0.02404
0.01579
0.02247
0.0139
0.03587
0.04202
0.02408
0.02361
0.02272
0.02375
0.02344
0.02473
0.02417
0.02668
0.04772
0.04271
0.02335
0.02263
0.02163
0.02254
0.02149
0.02464
0.02153
0.02655
0.04592
