   Rotamer making statitics:
   Residue   Start  Clean   Swap Rotate   Self  Hbond Repack  Ioni.   TorH     OH  Elect
   NTRA0003      1      1      1      1      1      1      1      2      2      2      2
   VALA0003      1      1      1      1      1      1      1      1      1      1      1
   ILEA0004      1      1      1      1      1      1      1      1      2      2      2
   ASNA0005      1      1      1      1      1      1      1      1      1      1      1
   THRA0006      1      1      1      1      1      1      1      1      3      3      3
   PHEA0007      1      1      1      1      1      1      1      1      1      1      1
   ASPA0008      1      1      1      1      1      1      1      3      5      5      5
   GLYA0009      0      0      0      0      0      0      0      0      0      0      0
   VALA0010      1      1      1      1      1      1      1      1      2      2      1
   ALAA0011      1      1      1      1      1      1      1      1      1      1      1
   ASPA0012      1      1      1      1      1      1      1      3      5      5      5
   TYRA0013      1      1      1      1      1      1      1      2      3      3      3
   LEUA0014      1      1      1      1      1      1      1      1      2      2      1
   GLNA0015      1      1      1      1      1      1      1      1      1      1      1
   THRA0016      1      1      1      1      1      1      1      1      2      2      2
   TYRA0017      1      1      1      1      1      1      1      2      2      2      2
   HISA0018      1      1      1      1      1      1      1      3      3      3      3
   LYSA0019      1      1      1      1      1      1      1      2      2      2      2
   LEUA0020      1      1      1      1      1      1      1      1      2      2      2
   PROA0021      1      1      1      1      1      1      1      1      1      1      1
   ASPA0022      1      1      1      1      1      1      1      3      5      5      5
   ASNA0023      1      1      1      1      1      1      1      1      1      1      1
   TYRA0024      1      1      1      1      1      1      1      2      3      3      3
   ILEA0025      1      1      1      1      1      1      1      1      2      2      2
   THRA0026      1      1      1      1      1      1      1      1      3      3      3
   LYSA0027      1      1      1      1      1      1      1      2      2      2      2
   SERA0028      2      2      2      2      2      2      2      2      3      3      2
   GLUA0029      1      1      1      1      1      1      1      3      5      5      5
   ALAA0030      1      1      1      1      1      1      1      1      1      1      1
   GLNA0031      2      2      2      2      2      2      2      2      2      2      2
   ALAA0032      1      1      1      1      1      1      1      1      1      1      1
   LEUA0033      1      1      1      1      1      1      1      1      2      2      2
   GLYA0034      0      0      0      0      0      0      0      0      0      0      0
   TRPA0035      1      1      1      1      1      1      1      1      1      1      1
   VALA0036      1      1      1      1      1      1      1      1      2      2      2
   ALAA0037      1      1      1      1      1      1      1      1      1      1      1
   SERA0038      2      2      2      2      2      2      2      2      2      2      2
   LYSA0039      1      1      1      1      1      1      1      2      2      2      2
   GLYA0040      0      0      0      0      0      0      0      0      0      0      0
   ASNA0041      1      1      1      1      1      1      1      1      1      1      1
   LEUA0042      1      1      1      1      1      1      1      1      2      2      2
   ALAA0043      1      1      1      1      1      1      1      1      1      1      1
   ASPA0044      1      1      1      1      1      1      1      3      5      5      5
   VALA0045      1      1      1      1      1      1      1      1      2      2      1
   ALAA0046      1      1      1      1      1      1      1      1      1      1      1
   PROA0047      1      1      1      1      1      1      1      1      1      1      1
   GLYA0048      0      0      0      0      0      0      0      0      0      0      0
   LYSA0049      1      1      1      1      1      1      1      2      2      2      2
   SERA0050      1      1      1      1      1      1      1      1      3      3      3
   ILEA0051      1      1      1      1      1      1      1      1      2      2      1
   GLYA0052      0      0      0      0      0      0      0      0      0      0      0
   GLYA0053      0      0      0      0      0      0      0      0      0      0      0
   ASPA0054      1      1      1      1      1      1      1      3      5      5      5
   ILEA0055      1      1      1      1      1      1      1      1      2      2      2
   PHEA0056      1      1      1      1      1      1      1      1      1      1      1
   SERA0057      1      1      1      1      1      1      1      1      2      2      2
   ASNA0058      1      1      1      1      1      1      1      1      1      1      1
   ARGA0059      1      1      1      1      1      1      1      4      4      4      4
   GLUA0060      1      1      1      1      1      1      1      3      5      5      5
   GLYA0061      0      0      0      0      0      0      0      0      0      0      0
   LYSA0062      1      1      1      1      1      1      1      2      2      2      2
   LEUA0063      1      1      1      1      1      1      1      1      2      2      2
   PROA0064      1      1      1      1      1      1      1      1      1      1      1
   GLYA0065      0      0      0      0      0      0      0      0      0      0      0
   LYSA0066      1      1      1      1      1      1      1      2      2      2      2
   SERA0067      1      1      1      1      1      1      1      1      2      2      2
   GLYA0068      0      0      0      0      0      0      0      0      0      0      0
   ARGA0069      1      1      1      1      1      1      1      4      5      5      5
   THRA0070      1      1      1      1      1      1      1      1      2      2      2
   TRPA0071      1      1      1      1      1      1      1      1      1      1      1
   ARGA0072      1      1      1      1      1      1      1      4      5      5      5
   GLUA0073      1      1      1      1      1      1      1      3      5      5      5
   ALAA0074      1      1      1      1      1      1      1      1      1      1      1
   ASPA0075      1      1      1      1      1      1      1      3      5      5      5
   ILEA0076      1      1      1      1      1      1      1      1      2      2      2
   ASNA0077      1      1      1      1      1      1      1      1      1      1      1
   TYRA0078      1      1      1      1      1      1      1      2      3      3      3
   THRA0079      1      1      1      1      1      1      1      1      2      2      2
   SERA0080      1      1      1      1      1      1      1      1      2      2      1
   GLYA0081      0      0      0      0      0      0      0      0      0      0      0
   PHEA0082      1      1      1      1      1      1      1      1      1      1      1
   ARGA0083      1      1      1      1      1      1      1      4      5      5      5
   ASNA0084      1      1      1      1      1      1      1      1      1      1      1
   SERA0085      2      2      2      2      2      2      2      2      4      4      4
   ASPA0086      1      1      1      1      1      1      1      3      5      5      5
   ARGA0087      1      1      1      1      1      1      1      4      4      4      4
   ILEA0088      1      1      1      1      1      1      1      1      2      2      1
   LEUA0089      1      1      1      1      1      1      1      1      2      2      2
   TYRA0090      1      1      1      1      1      1      1      2      3      3      3
   SERA0091      1      1      1      1      1      1      1      1      3      3      3
   SERA0092      1      1      1      1      1      1      1      1      1      1      1
   ASPA0093      1      1      1      1      1      1      1      3      5      5      5
   TRPA0094      1      1      1      1      1      1      1      1      1      1      1
   LEUA0095      1      1      1      1      1      1      1      1      2      2      1
   ILEA0096      2      2      2      2      2      2      2      2      3      3      3
   TYRA0097      1      1      1      1      1      1      1      2      3      3      2
   LYSA0098      1      1      1      1      1      1      1      2      2      2      2
   THRA0099      1      1      1      1      1      1      1      1      3      3      3
   THRA0100      1      1      1      1      1      1      1      1      2      2      1
   ASPA0101      1      1      1      1      1      1      1      3      5      5      5
   HISA0102      1      1      1      1      1      1      1      3      3      3      3
   TYRA0103      1      1      1      1      1      1      1      2      3      3      3
   GLNA0104      1      1      1      1      1      1      1      1      1      1      1
   THRA0105      1      1      1      1      1      1      1      1      3      3      2
   PHEA0106      1      1      1      1      1      1      1      1      1      1      1
   THRA0107      1      1      1      1      1      1      1      1      2      2      2
   LYSA0108      1      1      1      1      1      1      1      2      2      2      2
   ILEA0109      1      1      1      1      1      1      1      1      2      2      2
   ARGA0110      1      1      1      1      1      1      1      4      6      6      6
   CTRA0110      1      1      1      1      1      1      1      3      5      5      5
   _ZNA0112      1      1      1      1      1      1      2      3      2      2      2
   HOHA0113      1      1      1      1      1      1      2      3      5      5      4
   HOHA0114      1      1      1      1      1      1      2      3      6      6      5
   HOHA0115      1      1      1      1      1      1      2      3      5      5      4
   HOHA0117      1      1      1      1      1      1      2      3      4      4      4
   HOHA0118      1      1      1      1      1      1      2      3      4      4      4
   HOHA0120      1      1      2      2      2      2      3      5      9      9      9
   HOHA0121      1      1      1      1      1      1      2      3      7      7      7
   HOHA0123      1      1      1      1      1      1      2      3      6      6      6
   HOHA0125      1      1      1      1      1      1      2      3      6      6      5
   HOHA0131      1      1      1      1      1      1      2      3      3      3      2
   HOHA0132      1      1      1      1      1      1      2      3      2      2      2
   HOHA0135      1      1      1      1      1      1      2      3      4      4      3
   HOHA0144      1      1      1      1      1      1      2      3      5      5      5
   HOHA0152      1      1      1      1      1      1      2      3      4      4      3
   NTRB0003      1      1      1      1      1      1      1      2      2      2      2
   VALB0003      1      1      1      1      1      1      1      1      1      1      1
   ILEB0004      1      1      1      1      1      1      1      1      2      2      2
   ASNB0005      1      1      1      1      1      1      1      1      1      1      1
   THRB0006      1      1      1      1      1      1      1      1      3      3      2
   PHEB0007      1      1      1      1      1      1      1      1      1      1      1
   ASPB0008      1      1      1      1      1      1      1      3      5      5      5
   GLYB0009      0      0      0      0      0      0      0      0      0      0      0
   VALB0010      1      1      1      1      1      1      1      1      2      2      2
   ALAB0011      1      1      1      1      1      1      1      1      1      1      1
   ASPB0012      1      1      1      1      1      1      1      3      5      5      5
   TYRB0013      1      1      1      1      1      1      1      2      3      3      3
   LEUB0014      1      1      1      1      1      1      1      1      2      2      1
   GLNB0015      1      1      1      1      1      1      1      1      1      1      1
   THRB0016      1      1      1      1      1      1      1      1      3      3      2
   TYRB0017      1      1      1      1      1      1      1      2      3      3      2
   HISB0018      1      1      1      1      1      1      1      3      3      3      3
   LYSB0019      1      1      1      1      1      1      1      2      2      2      2
   LEUB0020      1      1      1      1      1      1      1      1      2      2      2
   PROB0021      1      1      1      1      1      1      1      1      1      1      1
   ASPB0022      1      1      1      1      1      1      1      3      5      5      5
   ASNB0023      1      1      1      1      1      1      1      1      1      1      1
   TYRB0024      1      1      1      1      1      1      1      2      3      3      3
   ILEB0025      1      1      1      1      1      1      1      1      1      1      1
   THRB0026      1      1      1      1      1      1      1      1      4      4      3
   LYSB0027      1      1      1      1      1      1      1      2      2      2      2
   SERB0028      2      2      2      2      2      2      2      2      4      4      4
   GLUB0029      1      1      1      1      1      1      1      3      5      5      5
   ALAB0030      1      1      1      1      1      1      1      1      1      1      1
   GLNB0031      1      1      1      1      1      1      1      1      1      1      1
   ALAB0032      1      1      1      1      1      1      1      1      1      1      1
   LEUB0033      1      1      1      1      1      1      1      1      2      2      1
   GLYB0034      0      0      0      0      0      0      0      0      0      0      0
   TRPB0035      1      1      1      1      1      1      1      1      1      1      1
   VALB0036      1      1      1      1      1      1      1      1      2      2      2
   ALAB0037      1      1      1      1      1      1      1      1      1      1      1
   SERB0038      2      2      2      2      2      2      2      2      3      3      2
   LYSB0039      1      1      1      1      1      1      1      2      2      2      2
   GLYB0040      0      0      0      0      0      0      0      0      0      0      0
   ASNB0041      1      1      1      1      1      1      1      1      1      1      1
   LEUB0042      1      1      1      1      1      1      1      1      2      2      1
   ALAB0043      1      1      1      1      1      1      1      1      1      1      1
   ASPB0044      1      1      1      1      1      1      1      3      5      5      5
   VALB0045      1      1      1      1      1      1      1      1      2      2      2
   ALAB0046      1      1      1      1      1      1      1      1      1      1      1
   PROB0047      1      1      1      1      1      1      1      1      1      1      1
   GLYB0048      0      0      0      0      0      0      0      0      0      0      0
   LYSB0049      1      1      1      1      1      1      1      2      2      2      2
   SERB0050      1      1      1      1      1      1      1      1      3      3      3
   ILEB0051      1      1      1      1      1      1      1      1      2      2      2
   GLYB0052      0      0      0      0      0      0      0      0      0      0      0
   GLYB0053      0      0      0      0      0      0      0      0      0      0      0
   ASPB0054      1      1      1      1      1      1      1      3      5      5      5
   ILEB0055      1      1      1      1      1      1      1      1      2      2      1
   PHEB0056      1      1      1      1      1      1      1      1      1      1      1
   SERB0057      1      1      1      1      1      1      1      1      3      3      2
   ASNB0058      1      1      1      1      1      1      1      1      1      1      1
   ARGB0059      1      1      1      1      1      1      1      4      4      4      4
   GLUB0060      1      1      1      1      1      1      1      3      5      5      5
   GLYB0061      0      0      0      0      0      0      0      0      0      0      0
   LYSB0062      1      1      1      1      1      1      1      2      2      2      2
   LEUB0063      1      1      1      1      1      1      1      1      2      2      2
   PROB0064      1      1      1      1      1      1      1      1      1      1      1
   GLYB0065      0      0      0      0      0      0      0      0      0      0      0
   LYSB0066      1      1      1      1      1      1      1      2      2      2      2
   SERB0067      1      1      1      1      1      1      1      1      2      2      2
   GLYB0068      0      0      0      0      0      0      0      0      0      0      0
   ARGB0069      1      1      1      1      1      1      1      4      5      5      5
   THRB0070      1      1      1      1      1      1      1      1      2      2      1
   TRPB0071      1      1      1      1      1      1      1      1      1      1      1
   ARGB0072      1      1      1      1      1      1      1      4      5      5      5
   GLUB0073      1      1      1      1      1      1      1      3      5      5      5
   ALAB0074      1      1      1      1      1      1      1      1      1      1      1
   ASPB0075      1      1      1      1      1      1      1      3      5      5      5
   ILEB0076      1      1      1      1      1      1      1      1      1      1      1
   ASNB0077      1      1      1      1      1      1      1      1      1      1      1
   TYRB0078      1      1      1      1      1      1      1      2      3      3      3
   THRB0079      1      1      1      1      1      1      1      1      2      2      1
   SERB0080      1      1      1      1      1      1      1      1      2      2      1
   GLYB0081      0      0      0      0      0      0      0      0      0      0      0
   PHEB0082      1      1      1      1      1      1      1      1      1      1      1
   ARGB0083      1      1      1      1      1      1      1      4      5      5      5
   ASNB0084      1      1      1      1      1      1      1      1      1      1      1
   SERB0085      1      1      1      1      1      1      1      1      3      3      2
   ASPB0086      1      1      1      1      1      1      1      3      5      5      5
   ARGB0087      1      1      1      1      1      1      1      4      4      4      4
   ILEB0088      1      1      1      1      1      1      1      1      1      1      1
   LEUB0089      1      1      1      1      1      1      1      1      2      2      1
   TYRB0090      1      1      1      1      1      1      1      2      3      3      2
   SERB0091      1      1      1      1      1      1      1      1      3      3      3
   SERB0092      1      1      1      1      1      1      1      1      3      3      3
   ASPB0093      1      1      1      1      1      1      1      3      5      5      5
   TRPB0094      1      1      1      1      1      1      1      1      1      1      1
   LEUB0095      1      1      1      1      1      1      1      1      2      2      2
   ILEB0096      2      2      2      2      2      2      2      2      3      3      3
   TYRB0097      1      1      1      1      1      1      1      2      3      3      3
   LYSB0098      1      1      1      1      1      1      1      2      2      2      2
   THRB0099      1      1      1      1      1      1      1      1      4      4      4
   THRB0100      1      1      1      1      1      1      1      1      2      2      2
   ASPB0101      1      1      1      1      1      1      1      3      5      5      5
   HISB0102      1      1      1      1      1      1      1      3      3      3      3
   TYRB0103      1      1      1      1      1      1      1      2      3      3      3
   GLNB0104      1      1      1      1      1      1      1      1      1      1      1
   THRB0105      1      1      1      1      1      1      1      1      3      3      2
   PHEB0106      1      1      1      1      1      1      1      1      1      1      1
   THRB0107      1      1      1      1      1      1      1      1      2      2      2
   LYSB0108      1      1      1      1      1      1      1      2      2      2      2
   ILEB0109      1      1      1      1      1      1      1      1      2      2      1
   ARGB0110      1      1      1      1      1      1      1      4      6      6      6
   CTRB0110      1      1      1      1      1      1      1      3      5      5      5
   _ZNB0112      1      1      1      1      1      1      2      3      2      2      2
   HOHB0137      1      1      1      1      1      1      2      3      4      4      4
   HOHB0138      1      1      1      1      1      1      2      3      7      7      7
   HOHB0139      1      1      1      1      1      1      2      3      5      5      5
   HOHB0140      1      1      1      1      1      1      2      3      4      4      4
   HOHB0141      1      1      1      1      1      1      2      3      4      4      3
   HOHB0142      1      1      1      1      1      1      2      3      4      4      3
   HOHB0144      1      1      2      2      2      2      3      5     15     15     15
   HOHB0145      1      1      1      1      1      1      2      3      7      7      7
   HOHB0147      1      1      1      1      1      1      2      3      7      7      5
   HOHB0149      1      1      1      1      1      1      2      3      6      6      6
   HOHB0155      1      1      1      1      1      1      2      3      3      3      3
   HOHB0156      1      1      1      1      1      1      2      3      4      4      4
   HOHB0159      1      1      1      1      1      1      2      3      7      7      4
   HOHB0169      1      1      1      1      1      1      2      3      3      3      3
   HOHB0177      1      1      1      1      1      1      2      3      3      3      3
   HOHB0196      1      1      1      1      1      1      2      3      8      8      8
   HOHB0239      1      1      1      1      1      1      2      3      6      6      5
   NTRC0003      1      1      1      1      1      1      1      2      2      2      2
   VALC0003      1      1      1      1      1      1      1      1      2      2      2
   ILEC0004      1      1      1      1      1      1      1      1      1      1      1
   ASNC0005      1      1      1      1      1      1      1      1      1      1      1
   THRC0006      1      1      1      1      1      1      1      1      3      3      2
   PHEC0007      1      1      1      1      1      1      1      1      1      1      1
   ASPC0008      1      1      1      1      1      1      1      3      5      5      5
   GLYC0009      0      0      0      0      0      0      0      0      0      0      0
   VALC0010      1      1      1      1      1      1      1      1      2      2      1
   ALAC0011      1      1      1      1      1      1      1      1      1      1      1
   ASPC0012      1      1      1      1      1      1      1      3      5      5      5
   TYRC0013      1      1      1      1      1      1      1      2      3      3      3
   LEUC0014      1      1      1      1      1      1      1      1      2      2      1
   GLNC0015      1      1      1      1      1      1      1      1      1      1      1
   THRC0016      1      1      1      1      1      1      1      1      3      3      3
   TYRC0017      1      1      1      1      1      1      1      2      3      3      2
   HISC0018      1      1      1      1      1      1      1      3      3      3      3
   LYSC0019      1      1      1      1      1      1      1      2      2      2      2
   LEUC0020      1      1      1      1      1      1      1      1      2      2      2
   PROC0021      1      1      1      1      1      1      1      1      1      1      1
   ASPC0022      1      1      1      1      1      1      1      3      5      5      5
   ASNC0023      1      1      1      1      1      1      1      1      1      1      1
   TYRC0024      1      1      1      1      1      1      1      2      3      3      3
   ILEC0025      1      1      1      1      1      1      1      1      2      2      2
   THRC0026      1      1      1      1      1      1      1      1      4      4      4
   LYSC0027      1      1      1      1      1      1      1      2      2      2      2
   SERC0028      1      1      1      1      1      1      1      1      2      2      1
   GLUC0029      1      1      1      1      1      1      1      3      5      5      5
   ALAC0030      1      1      1      1      1      1      1      1      1      1      1
   GLNC0031      1      1      1      1      1      1      1      1      1      1      1
   ALAC0032      1      1      1      1      1      1      1      1      1      1      1
   LEUC0033      1      1      1      1      1      1      1      1      2      2      1
   GLYC0034      0      0      0      0      0      0      0      0      0      0      0
   TRPC0035      1      1      1      1      1      1      1      1      1      1      1
   VALC0036      1      1      1      1      1      1      1      1      2      2      2
   ALAC0037      1      1      1      1      1      1      1      1      1      1      1
   SERC0038      1      1      1      1      1      1      1      1      2      2      2
   LYSC0039      1      1      1      1      1      1      1      2      2      2      2
   GLYC0040      0      0      0      0      0      0      0      0      0      0      0
   ASNC0041      1      1      1      1      1      1      1      1      1      1      1
   LEUC0042      1      1      1      1      1      1      1      1      2      2      1
   ALAC0043      1      1      1      1      1      1      1      1      1      1      1
   ASPC0044      1      1      1      1      1      1      1      3      5      5      5
   VALC0045      1      1      1      1      1      1      1      1      2      2      1
   ALAC0046      1      1      1      1      1      1      1      1      1      1      1
   PROC0047      1      1      1      1      1      1      1      1      1      1      1
   GLYC0048      0      0      0      0      0      0      0      0      0      0      0
   LYSC0049      2      2      2      2      2      2      2      4      4      4      4
   SERC0050      1      1      1      1      1      1      1      1      3      3      3
   ILEC0051      1      1      1      1      1      1      1      1      2      2      2
   GLYC0052      0      0      0      0      0      0      0      0      0      0      0
   GLYC0053      0      0      0      0      0      0      0      0      0      0      0
   ASPC0054      1      1      1      1      1      1      1      3      5      5      5
   ILEC0055      1      1      1      1      1      1      1      1      2      2      1
   PHEC0056      1      1      1      1      1      1      1      1      1      1      1
   SERC0057      1      1      1      1      1      1      1      1      2      2      2
   ASNC0058      1      1      1      1      1      1      1      1      1      1      1
   ARGC0059      1      1      1      1      1      1      1      4      4      4      4
   GLUC0060      1      1      1      1      1      1      1      3      5      5      5
   GLYC0061      0      0      0      0      0      0      0      0      0      0      0
   LYSC0062      1      1      1      1      1      1      1      2      2      2      2
   LEUC0063      1      1      1      1      1      1      1      1      2      2      2
   PROC0064      1      1      1      1      1      1      1      1      1      1      1
   GLYC0065      0      0      0      0      0      0      0      0      0      0      0
   LYSC0066      1      1      1      1      1      1      1      2      2      2      2
   SERC0067      1      1      1      1      1      1      1      1      2      2      2
   GLYC0068      0      0      0      0      0      0      0      0      0      0      0
   ARGC0069      1      1      1      1      1      1      1      4      5      5      5
   THRC0070      1      1      1      1      1      1      1      1      2      2      2
   TRPC0071      1      1      1      1      1      1      1      1      1      1      1
   ARGC0072      1      1      1      1      1      1      1      4      4      4      4
   GLUC0073      1      1      1      1      1      1      1      3      5      5      5
   ALAC0074      1      1      1      1      1      1      1      1      1      1      1
   ASPC0075      1      1      1      1      1      1      1      3      5      5      5
   ILEC0076      1      1      1      1      1      1      1      1      2      2      2
   ASNC0077      1      1      1      1      1      1      1      1      1      1      1
   TYRC0078      1      1      1      1      1      1      1      2      3      3      3
   THRC0079      1      1      1      1      1      1      1      1      1      1      1
   SERC0080      1      1      1      1      1      1      1      1      1      1      1
   GLYC0081      0      0      0      0      0      0      0      0      0      0      0
   PHEC0082      1      1      1      1      1      1      1      1      1      1      1
   ARGC0083      1      1      1      1      1      1      1      4      5      5      5
   ASNC0084      1      1      1      1      1      1      1      1      1      1      1
   SERC0085      1      1      1      1      1      1      1      1      2      2      2
   ASPC0086      1      1      1      1      1      1      1      3      5      5      5
   ARGC0087      1      1      1      1      1      1      1      4      4      4      4
   ILEC0088      1      1      1      1      1      1      1      1      2      2      1
   LEUC0089      1      1      1      1      1      1      1      1      2      2      2
   TYRC0090      1      1      1      1      1      1      1      2      2      2      2
   SERC0091      1      1      1      1      1      1      1      1      3      3      3
   SERC0092      1      1      1      1      1      1      1      1      3      3      3
   ASPC0093      1      1      1      1      1      1      1      3      5      5      5
   TRPC0094      1      1      1      1      1      1      1      1      1      1      1
   LEUC0095      1      1      1      1      1      1      1      1      2      2      1
   ILEC0096      2      2      2      2      2      2      2      2      3      3      3
   TYRC0097      1      1      1      1      1      1      1      2      3      3      3
   LYSC0098      1      1      1      1      1      1      1      2      2      2      2
   THRC0099      1      1      1      1      1      1      1      1      4      4      4
   THRC0100      1      1      1      1      1      1      1      1      2      2      1
   ASPC0101      1      1      1      1      1      1      1      3      5      5      5
   HISC0102      1      1      1      1      1      1      1      3      3      3      3
   TYRC0103      1      1      1      1      1      1      1      2      3      3      3
   GLNC0104      1      1      1      1      1      1      1      1      1      1      1
   THRC0105      1      1      1      1      1      1      1      1      3      3      3
   PHEC0106      1      1      1      1      1      1      1      1      1      1      1
   THRC0107      1      1      1      1      1      1      1      1      2      2      1
   LYSC0108      1      1      1      1      1      1      1      2      2      2      2
   ILEC0109      1      1      1      1      1      1      1      1      2      2      1
   ARGC0110      1      1      1      1      1      1      1      4      6      6      6
   CTRC0110      1      1      1      1      1      1      1      3      5      5      5
   _ZNC0112      1      1      1      1      1      1      2      3      2      2      2
   HOHC0119      1      1      1      1      1      1      2      3      5      5      5
   HOHC0120      1      1      1      1      1      1      2      3      6      6      5
   HOHC0121      1      1      1      1      1      1      2      3      4      4      4
   HOHC0122      1      1      1      1      1      1      2      3      4      4      3
   HOHC0123      1      1      1      1      1      1      2      3      5      5      5
   HOHC0124      1      1      1      1      1      1      2      3      4      4      3
   HOHC0126      1      1      2      2      2      2      3      5      6      6      5
   HOHC0127      1      1      1      1      1      1      2      3      7      7      4
   HOHC0129      1      1      1      1      1      1      2      3      5      5      4
   HOHC0131      1      1      1      1      1      1      2      3      5      5      3
   HOHC0137      1      1      1      1      1      1      2      3      4      4      3
   HOHC0138      1      1      1      1      1      1      2      3      3      3      2
   HOHC0146      1      1      1      1      1      1      2      3      6      6      5
   HOHC0151      1      1      1      1      1      1      2      3      4      4      4
   HOHC0216      1      1      1      1      1      1      2      3      8      8      8
   Total       359    359    362    362    362    362    411    656    994    994    923
