 ph              0.0   1.0   2.0   3.0   4.0   5.0   6.0   7.0   8.0   9.0  10.0  11.0  12.0  13.0  14.0
NTR01A0001_001 0.000 0.000 0.000 0.000 0.000 0.000 0.016 0.135 0.600 0.939 0.992 0.999 1.000 1.000 1.000
NTR+1A0001_002 1.000 1.000 1.000 1.000 1.000 1.000 0.984 0.865 0.400 0.061 0.008 0.001 0.000 0.000 0.000
ARG01A0001_001 0.000 0.000 0.000 0.000 0.000 0.000 0.000 0.000 0.000 0.000 0.000 0.000 0.000 0.000 0.001
ARG02A0001_002 0.000 0.000 0.000 0.000 0.000 0.000 0.000 0.000 0.000 0.000 0.000 0.004 0.016 0.022 0.034
ARG03A0001_003 0.000 0.000 0.000 0.000 0.000 0.000 0.000 0.000 0.000 0.000 0.000 0.002 0.010 0.016 0.026
ARG03A0001_004 0.000 0.000 0.000 0.000 0.000 0.000 0.000 0.000 0.000 0.000 0.000 0.001 0.003 0.005 0.006
ARG+1A0001_005 1.000 1.000 1.000 1.000 1.000 1.000 1.000 1.000 1.000 1.000 1.000 0.992 0.971 0.957 0.933
PRO01A0002_001 1.000 1.000 1.000 1.000 1.000 1.000 1.000 1.000 1.000 1.000 1.000 1.000 1.000 1.000 1.000
ASP01A0003_001 0.105 0.106 0.103 0.081 0.028 0.004 0.000 0.000 0.000 0.000 0.000 0.000 0.000 0.000 0.000
ASP01A0003_002 0.169 0.169 0.164 0.132 0.043 0.007 0.000 0.000 0.000 0.000 0.000 0.000 0.000 0.000 0.000
ASP02A0003_003 0.574 0.575 0.558 0.445 0.153 0.023 0.003 0.000 0.000 0.000 0.000 0.000 0.000 0.000 0.000
ASP02A0003_004 0.151 0.147 0.145 0.116 0.039 0.007 0.000 0.000 0.000 0.000 0.000 0.000 0.000 0.000 0.000
ASP-1A0003_005 0.000 0.003 0.029 0.226 0.736 0.958 0.997 1.000 1.000 1.000 1.000 1.000 1.000 1.000 1.000
PHE01A0004_001 1.000 1.000 1.000 1.000 1.000 1.000 1.000 1.000 1.000 1.000 1.000 1.000 1.000 1.000 1.000
CYD01A0005_001 1.000 1.000 1.000 1.000 1.000 1.000 1.000 1.000 1.000 1.000 1.000 1.000 1.000 1.000 1.000
LEU01A0006_001 0.499 0.504 0.505 0.502 0.500 0.502 0.504 0.502 0.499 0.505 0.500 0.504 0.502 0.502 0.499
LEU01A0006_002 0.501 0.496 0.495 0.498 0.500 0.498 0.496 0.498 0.501 0.495 0.500 0.496 0.498 0.498 0.501
GLU01A0007_001 0.866 0.863 0.861 0.855 0.831 0.634 0.193 0.024 0.003 0.000 0.000 0.000 0.000 0.000 0.000
GLU01A0007_002 0.125 0.125 0.126 0.127 0.114 0.087 0.024 0.003 0.000 0.000 0.000 0.000 0.000 0.000 0.000
GLU02A0007_003 0.009 0.011 0.013 0.013 0.013 0.008 0.002 0.000 0.000 0.000 0.000 0.000 0.000 0.000 0.000
GLU02A0007_004 0.000 0.001 0.000 0.000 0.000 0.000 0.000 0.000 0.000 0.000 0.000 0.000 0.000 0.000 0.000
GLU-1A0007_005 0.000 0.000 0.000 0.006 0.042 0.271 0.782 0.973 0.997 1.000 1.000 1.000 1.000 1.000 1.000
PRO01A0008_001 1.000 1.000 1.000 1.000 1.000 1.000 1.000 1.000 1.000 1.000 1.000 1.000 1.000 1.000 1.000
PRO01A0009_001 1.000 1.000 1.000 1.000 1.000 1.000 1.000 1.000 1.000 1.000 1.000 1.000 1.000 1.000 1.000
TYR01A0010_001 1.000 1.000 1.000 1.000 1.000 1.000 1.000 1.000 0.995 0.973 0.881 0.689 0.330 0.071 0.010
TYR-1A0010_002 0.000 0.000 0.000 0.000 0.000 0.000 0.000 0.000 0.005 0.027 0.119 0.311 0.670 0.929 0.990
THR01A0011_001 1.000 1.000 1.000 1.000 1.000 1.000 1.000 1.000 1.000 1.000 1.000 1.000 1.000 1.000 1.000
PRO01A0013_001 1.000 1.000 1.000 1.000 1.000 1.000 1.000 1.000 1.000 1.000 1.000 1.000 1.000 1.000 1.000
CYD01A0014_001 1.000 1.000 1.000 1.000 1.000 1.000 1.000 1.000 1.000 1.000 1.000 1.000 1.000 1.000 1.000
LYS01A0015_001 0.000 0.000 0.000 0.000 0.000 0.000 0.000 0.000 0.006 0.048 0.308 0.795 0.967 0.996 1.000
LYS+1A0015_002 1.000 1.000 1.000 1.000 1.000 1.000 1.000 1.000 0.994 0.952 0.692 0.205 0.033 0.004 0.000
ALA01A0016_001 1.000 1.000 1.000 1.000 1.000 1.000 1.000 1.000 1.000 1.000 1.000 1.000 1.000 1.000 1.000
ARG01A0017_001 0.000 0.000 0.000 0.000 0.000 0.000 0.000 0.000 0.000 0.000 0.002 0.020 0.137 0.463 0.625
ARG02A0017_002 0.000 0.000 0.000 0.000 0.000 0.000 0.000 0.000 0.000 0.000 0.000 0.005 0.032 0.106 0.145
ARG03A0017_003 0.000 0.000 0.000 0.000 0.000 0.000 0.000 0.000 0.000 0.000 0.000 0.006 0.043 0.139 0.190
ARG+1A0017_004 1.000 1.000 1.000 1.000 1.000 1.000 1.000 1.000 1.000 1.000 0.998 0.969 0.788 0.292 0.040
ILE01A0018_001 0.508 0.505 0.509 0.508 0.507 0.506 0.507 0.509 0.506 0.506 0.502 0.510 0.507 0.505 0.509
ILE01A0018_002 0.492 0.495 0.491 0.492 0.493 0.494 0.493 0.491 0.494 0.494 0.498 0.490 0.493 0.495 0.491
ILE01A0019_001 1.000 1.000 1.000 1.000 1.000 1.000 1.000 1.000 1.000 1.000 1.000 1.000 1.000 1.000 1.000
ARG01A0020_001 0.000 0.000 0.000 0.000 0.000 0.000 0.000 0.000 0.000 0.000 0.000 0.000 0.007 0.037 0.213
ARG02A0020_002 0.000 0.000 0.000 0.000 0.000 0.000 0.000 0.000 0.000 0.000 0.000 0.000 0.002 0.007 0.045
ARG02A0020_003 0.000 0.000 0.000 0.000 0.000 0.000 0.000 0.000 0.000 0.000 0.000 0.000 0.000 0.000 0.000
ARG03A0020_004 0.000 0.000 0.000 0.000 0.000 0.000 0.000 0.000 0.000 0.000 0.000 0.000 0.003 0.013 0.080
ARG+1A0020_005 1.000 1.000 1.000 1.000 1.000 1.000 1.000 1.000 1.000 1.000 1.000 1.000 0.989 0.943 0.662
TYR01A0021_001 1.000 1.000 1.000 1.000 1.000 1.000 1.000 1.000 1.000 0.993 0.946 0.666 0.197 0.028 0.004
TYR-1A0021_002 0.000 0.000 0.000 0.000 0.000 0.000 0.000 0.000 0.000 0.007 0.054 0.334 0.803 0.972 0.996
PHE01A0022_001 1.000 1.000 1.000 1.000 1.000 1.000 1.000 1.000 1.000 1.000 1.000 1.000 1.000 1.000 1.000
TYR01A0023_001 1.000 1.000 1.000 1.000 1.000 1.000 1.000 1.000 0.999 0.995 0.962 0.771 0.314 0.085 0.049
TYR-1A0023_002 0.000 0.000 0.000 0.000 0.000 0.000 0.000 0.000 0.001 0.005 0.038 0.229 0.686 0.915 0.951
ASN01A0024_001 1.000 1.000 1.000 1.000 1.000 1.000 0.999 1.000 1.000 0.999 0.999 1.000 0.998 1.000 0.998
ASN01A0024_002 0.000 0.000 0.000 0.000 0.000 0.000 0.001 0.000 0.000 0.001 0.001 0.000 0.002 0.000 0.002
ALA01A0025_001 1.000 1.000 1.000 1.000 1.000 1.000 1.000 1.000 1.000 1.000 1.000 1.000 1.000 1.000 1.000
LYS01A0026_001 0.000 0.000 0.000 0.000 0.000 0.000 0.000 0.000 0.008 0.073 0.426 0.864 0.981 1.000 1.000
LYS+1A0026_002 1.000 1.000 1.000 1.000 1.000 1.000 1.000 1.000 0.992 0.927 0.574 0.136 0.019 0.000 0.000
ALA01A0027_001 1.000 1.000 1.000 1.000 1.000 1.000 1.000 1.000 1.000 1.000 1.000 1.000 1.000 1.000 1.000
LEU01A0029_001 0.497 0.497 0.496 0.498 0.499 0.497 0.496 0.498 0.497 0.491 0.496 0.497 0.495 0.498 0.498
LEU01A0029_002 0.503 0.503 0.504 0.502 0.501 0.503 0.504 0.502 0.503 0.509 0.504 0.503 0.505 0.502 0.502
CYD01A0030_001 1.000 1.000 1.000 1.000 1.000 1.000 1.000 1.000 1.000 1.000 1.000 1.000 1.000 1.000 1.000
GLN01A0031_001 0.091 0.090 0.091 0.089 0.093 0.092 0.096 0.094 0.094 0.094 0.100 0.107 0.115 0.119 0.119
GLN01A0031_002 0.909 0.910 0.909 0.911 0.907 0.908 0.904 0.906 0.906 0.906 0.900 0.893 0.885 0.881 0.881
THR01A0032_001 0.293 0.295 0.295 0.294 0.296 0.296 0.300 0.295 0.299 0.300 0.304 0.316 0.333 0.343 0.343
THR01A0032_002 0.707 0.705 0.705 0.706 0.704 0.704 0.700 0.705 0.701 0.700 0.696 0.684 0.667 0.657 0.657
PHE01A0033_001 1.000 1.000 1.000 1.000 1.000 1.000 1.000 1.000 1.000 1.000 1.000 1.000 1.000 1.000 1.000
VAL01A0034_001 1.000 1.000 1.000 1.000 1.000 1.000 1.000 1.000 1.000 1.000 1.000 1.000 1.000 1.000 1.000
TYR01A0035_001 1.000 1.000 1.000 1.000 1.000 1.000 0.996 0.961 0.711 0.217 0.046 0.011 0.003 0.000 0.000
TYR-1A0035_002 0.000 0.000 0.000 0.000 0.000 0.000 0.004 0.039 0.289 0.783 0.954 0.989 0.997 1.000 1.000
CYD01A0038_001 1.000 1.000 1.000 1.000 1.000 1.000 1.000 1.000 1.000 1.000 1.000 1.000 1.000 1.000 1.000
ARG01A0039_001 0.000 0.000 0.000 0.000 0.000 0.000 0.000 0.000 0.000 0.000 0.006 0.041 0.229 0.578 0.721
ARG02A0039_002 0.000 0.000 0.000 0.000 0.000 0.000 0.000 0.000 0.000 0.000 0.000 0.005 0.032 0.089 0.107
ARG03A0039_003 0.000 0.000 0.000 0.000 0.000 0.000 0.000 0.000 0.000 0.000 0.000 0.008 0.046 0.119 0.144
ARG+1A0039_004 1.000 1.000 1.000 1.000 1.000 1.000 1.000 1.000 1.000 1.000 0.994 0.946 0.693 0.213 0.029
ALA01A0040_001 1.000 1.000 1.000 1.000 1.000 1.000 1.000 1.000 1.000 1.000 1.000 1.000 1.000 1.000 1.000
LYS01A0041_001 0.000 0.000 0.000 0.000 0.000 0.000 0.000 0.000 0.008 0.054 0.300 0.680 0.894 0.980 0.998
LYS+1A0041_002 1.000 1.000 1.000 1.000 1.000 1.000 1.000 1.000 0.992 0.946 0.700 0.320 0.106 0.020 0.002
ARG01A0042_001 0.000 0.000 0.000 0.000 0.000 0.000 0.000 0.000 0.000 0.000 0.000 0.016 0.088 0.366 0.578
ARG02A0042_002 0.000 0.000 0.000 0.000 0.000 0.000 0.000 0.000 0.000 0.000 0.000 0.004 0.024 0.108 0.176
ARG03A0042_003 0.000 0.000 0.000 0.000 0.000 0.000 0.000 0.000 0.000 0.000 0.000 0.004 0.024 0.096 0.155
ARG+1A0042_004 1.000 1.000 1.000 1.000 1.000 1.000 1.000 1.000 1.000 1.000 1.000 0.975 0.864 0.430 0.091
ASN01A0043_001 1.000 1.000 1.000 1.000 1.000 1.000 1.000 1.000 1.000 1.000 1.000 1.000 1.000 1.000 1.000
ASN01A0044_001 1.000 1.000 1.000 1.000 1.000 1.000 1.000 1.000 1.000 1.000 1.000 1.000 1.000 1.000 1.000
ASN01A0044_002 0.000 0.000 0.000 0.000 0.000 0.000 0.000 0.000 0.000 0.000 0.000 0.000 0.000 0.000 0.000
PHE01A0045_001 1.000 1.000 1.000 1.000 1.000 1.000 1.000 1.000 1.000 1.000 1.000 1.000 1.000 1.000 1.000
LYS01A0046_001 0.000 0.000 0.000 0.000 0.000 0.000 0.000 0.002 0.015 0.113 0.521 0.905 0.987 1.000 1.000
LYS+1A0046_002 1.000 1.000 1.000 1.000 1.000 1.000 1.000 0.998 0.985 0.887 0.479 0.095 0.013 0.000 0.000
SER01A0047_001 0.006 0.009 0.026 0.041 0.044 0.040 0.039 0.038 0.040 0.043 0.044 0.049 0.056 0.058 0.063
SER01A0047_002 0.000 0.000 0.000 0.000 0.000 0.000 0.000 0.000 0.000 0.000 0.000 0.000 0.000 0.000 0.000
SER01A0047_003 0.994 0.991 0.974 0.959 0.956 0.960 0.961 0.962 0.960 0.957 0.956 0.951 0.944 0.942 0.937
ALA01A0048_001 1.000 1.000 1.000 1.000 1.000 1.000 1.000 1.000 1.000 1.000 1.000 1.000 1.000 1.000 1.000
GLU01A0049_001 0.759 0.755 0.746 0.706 0.479 0.119 0.016 0.001 0.000 0.000 0.000 0.000 0.000 0.000 0.000
GLU01A0049_002 0.148 0.149 0.147 0.144 0.101 0.023 0.003 0.000 0.000 0.000 0.000 0.000 0.000 0.000 0.000
GLU02A0049_003 0.000 0.000 0.000 0.000 0.000 0.000 0.000 0.000 0.000 0.000 0.000 0.000 0.000 0.000 0.000
GLU02A0049_004 0.094 0.096 0.100 0.095 0.068 0.017 0.000 0.000 0.000 0.000 0.000 0.000 0.000 0.000 0.000
GLU-1A0049_005 0.000 0.000 0.007 0.055 0.352 0.841 0.980 0.999 1.000 1.000 1.000 1.000 1.000 1.000 1.000
ASP01A0050_001 0.001 0.000 0.000 0.000 0.000 0.000 0.000 0.000 0.000 0.000 0.000 0.000 0.000 0.000 0.000
ASP01A0050_002 0.226 0.214 0.127 0.027 0.003 0.000 0.000 0.000 0.000 0.000 0.000 0.000 0.000 0.000 0.000
ASP02A0050_003 0.237 0.225 0.130 0.027 0.004 0.000 0.000 0.000 0.000 0.000 0.000 0.000 0.000 0.000 0.000
ASP02A0050_004 0.528 0.487 0.290 0.060 0.000 0.000 0.000 0.000 0.000 0.000 0.000 0.000 0.000 0.000 0.000
ASP-1A0050_005 0.008 0.075 0.453 0.886 0.993 0.999 1.000 1.000 1.000 1.000 1.000 1.000 1.000 1.000 1.000
CYD01A0051_001 1.000 1.000 1.000 1.000 1.000 1.000 1.000 1.000 1.000 1.000 1.000 1.000 1.000 1.000 1.000
MET01A0052_001 1.000 1.000 1.000 1.000 1.000 1.000 1.000 1.000 1.000 1.000 1.000 1.000 1.000 1.000 1.000
ARG01A0053_001 0.000 0.000 0.000 0.000 0.000 0.000 0.000 0.000 0.000 0.000 0.000 0.003 0.028 0.149 0.427
ARG02A0053_002 0.000 0.000 0.000 0.000 0.000 0.000 0.000 0.000 0.000 0.000 0.000 0.002 0.013 0.073 0.223
ARG03A0053_003 0.000 0.000 0.000 0.000 0.000 0.000 0.000 0.000 0.000 0.000 0.000 0.000 0.006 0.040 0.112
ARG03A0053_004 0.000 0.000 0.000 0.000 0.000 0.000 0.000 0.000 0.000 0.000 0.000 0.000 0.000 0.003 0.008
ARG+1A0053_005 1.000 1.000 1.000 1.000 1.000 1.000 1.000 1.000 1.000 1.000 1.000 0.995 0.953 0.735 0.230
THR01A0054_001 0.598 0.594 0.562 0.530 0.522 0.513 0.501 0.505 0.504 0.499 0.493 0.480 0.455 0.432 0.391
THR01A0054_002 0.402 0.406 0.438 0.470 0.478 0.487 0.499 0.495 0.496 0.501 0.507 0.520 0.545 0.568 0.609
CYD01A0055_001 1.000 1.000 1.000 1.000 1.000 1.000 1.000 1.000 1.000 1.000 1.000 1.000 1.000 1.000 1.000
ALA01A0058_001 1.000 1.000 1.000 1.000 1.000 1.000 1.000 1.000 1.000 1.000 1.000 1.000 1.000 1.000 1.000
CTR01A0058_001 0.274 0.279 0.273 0.256 0.152 0.031 0.004 0.000 0.000 0.000 0.000 0.000 0.000 0.000 0.000
CTR01A0058_002 0.338 0.338 0.336 0.314 0.187 0.038 0.005 0.000 0.000 0.000 0.000 0.000 0.000 0.000 0.000
CTR02A0058_003 0.073 0.072 0.072 0.067 0.041 0.007 0.001 0.000 0.000 0.000 0.000 0.000 0.000 0.000 0.000
CTR02A0058_004 0.315 0.310 0.309 0.282 0.174 0.034 0.004 0.000 0.000 0.000 0.000 0.000 0.000 0.000 0.000
CTR-1A0058_005 0.000 0.000 0.009 0.082 0.447 0.890 0.987 1.000 1.000 1.000 1.000 1.000 1.000 1.000 1.000
HOH01A0111_001 0.008 0.010 0.010 0.010 0.010 0.007 0.004 0.003 0.002 0.000 0.000 0.002 0.000 0.004 0.003
HOH01A0111_002 0.007 0.006 0.006 0.006 0.005 0.006 0.003 0.001 0.001 0.000 0.000 0.001 0.002 0.001 0.002
HOH01A0111_003 0.000 0.000 0.004 0.003 0.003 0.003 0.002 0.000 0.000 0.000 0.000 0.000 0.003 0.000 0.003
HOH01A0111_004 0.015 0.013 0.014 0.014 0.015 0.018 0.022 0.028 0.023 0.021 0.021 0.023 0.025 0.027 0.026
HOH01A0111_005 0.025 0.021 0.024 0.024 0.023 0.034 0.048 0.057 0.054 0.045 0.046 0.045 0.044 0.048 0.043
HOH01A0111_006 0.016 0.015 0.016 0.017 0.016 0.017 0.022 0.025 0.028 0.029 0.031 0.033 0.034 0.033 0.034
HOH01A0111_007 0.021 0.021 0.022 0.022 0.022 0.032 0.052 0.056 0.056 0.053 0.054 0.052 0.053 0.049 0.052
HOH01A0111_008 0.017 0.015 0.016 0.015 0.015 0.014 0.017 0.015 0.014 0.019 0.025 0.023 0.023 0.024 0.026
HOH01A0111_009 0.026 0.028 0.029 0.029 0.028 0.028 0.023 0.022 0.029 0.038 0.037 0.040 0.040 0.045 0.046
HOH01A0111_010 0.000 0.009 0.011 0.010 0.010 0.000 0.006 0.005 0.007 0.006 0.007 0.007 0.008 0.008 0.008
HOH01A0111_011 0.004 0.004 0.005 0.004 0.004 0.000 0.000 0.000 0.000 0.000 0.000 0.000 0.000 0.001 0.000
HOH01A0111_012 0.017 0.015 0.016 0.015 0.017 0.014 0.010 0.007 0.009 0.013 0.013 0.013 0.013 0.015 0.016
HOH01A0111_013 0.000 0.005 0.004 0.006 0.005 0.004 0.001 0.000 0.000 0.000 0.000 0.000 0.000 0.000 0.000
HOH01A0111_014 0.000 0.007 0.007 0.005 0.007 0.005 0.000 0.000 0.000 0.000 0.000 0.000 0.000 0.000 0.000
HOH01A0111_015 0.030 0.032 0.030 0.030 0.033 0.049 0.096 0.112 0.106 0.095 0.094 0.083 0.098 0.088 0.091
HOH01A0111_016 0.017 0.019 0.017 0.018 0.018 0.021 0.026 0.028 0.026 0.022 0.021 0.024 0.020 0.023 0.024
HOH01A0111_017 0.019 0.018 0.017 0.018 0.016 0.019 0.020 0.022 0.023 0.028 0.025 0.029 0.030 0.029 0.029
HOH01A0111_018 0.044 0.050 0.050 0.045 0.045 0.051 0.051 0.057 0.071 0.095 0.087 0.089 0.094 0.093 0.096
HOH01A0111_019 0.020 0.019 0.019 0.020 0.018 0.020 0.014 0.012 0.013 0.014 0.016 0.017 0.016 0.016 0.017
HOH01A0111_020 0.004 0.000 0.005 0.004 0.003 0.003 0.000 0.000 0.000 0.000 0.000 0.000 0.000 0.000 0.000
HOH01A0111_021 0.036 0.034 0.035 0.035 0.036 0.051 0.079 0.090 0.087 0.076 0.071 0.064 0.061 0.058 0.056
HOH01A0111_022 0.023 0.020 0.021 0.020 0.021 0.021 0.020 0.019 0.022 0.029 0.026 0.026 0.028 0.028 0.028
HOH01A0111_023 0.031 0.033 0.035 0.037 0.037 0.032 0.029 0.029 0.038 0.043 0.045 0.040 0.040 0.047 0.049
HOH01A0111_024 0.038 0.038 0.038 0.036 0.040 0.035 0.027 0.029 0.031 0.043 0.048 0.047 0.041 0.048 0.046
HOH01A0111_025 0.011 0.012 0.011 0.013 0.011 0.010 0.005 0.000 0.003 0.000 0.003 0.003 0.000 0.004 0.003
HOH01A0111_026 0.008 0.007 0.006 0.007 0.005 0.006 0.004 0.004 0.003 0.004 0.004 0.004 0.004 0.003 0.004
HOH01A0111_027 0.008 0.007 0.008 0.008 0.006 0.006 0.002 0.001 0.000 0.000 0.001 0.001 0.000 0.001 0.000
HOH01A0111_028 0.005 0.004 0.004 0.004 0.004 0.000 0.000 0.000 0.000 0.000 0.000 0.000 0.000 0.000 0.000
HOH01A0111_029 0.025 0.025 0.025 0.025 0.023 0.027 0.026 0.024 0.026 0.034 0.031 0.031 0.034 0.031 0.035
HOH01A0111_030 0.000 0.004 0.004 0.005 0.004 0.004 0.001 0.000 0.000 0.000 0.000 0.000 0.000 0.000 0.000
HOH01A0111_031 0.000 0.000 0.003 0.003 0.004 0.002 0.000 0.000 0.000 0.000 0.000 0.000 0.000 0.000 0.000
HOH01A0111_032 0.017 0.017 0.016 0.016 0.015 0.020 0.023 0.026 0.028 0.029 0.028 0.028 0.026 0.026 0.024
HOH01A0111_033 0.012 0.014 0.013 0.012 0.011 0.013 0.015 0.017 0.018 0.018 0.020 0.019 0.017 0.017 0.017
HOH01A0111_034 0.019 0.017 0.019 0.019 0.020 0.024 0.032 0.038 0.037 0.034 0.036 0.034 0.039 0.033 0.030
HOH01A0111_035 0.019 0.020 0.019 0.018 0.017 0.021 0.027 0.026 0.028 0.026 0.025 0.028 0.028 0.027 0.027
HOH01A0111_036 0.015 0.015 0.014 0.018 0.017 0.015 0.014 0.014 0.014 0.017 0.015 0.018 0.016 0.017 0.017
HOH01A0111_037 0.002 0.002 0.000 0.000 0.002 0.000 0.000 0.000 0.000 0.000 0.000 0.000 0.000 0.000 0.000
HOH01A0111_038 0.047 0.041 0.041 0.045 0.044 0.040 0.048 0.042 0.031 0.028 0.023 0.022 0.017 0.015 0.016
HOHDMA0111_039 0.395 0.381 0.365 0.363 0.371 0.328 0.230 0.192 0.174 0.142 0.146 0.152 0.146 0.141 0.134
HOH01A0112_001 0.000 0.002 0.000 0.002 0.000 0.002 0.000 0.004 0.005 0.000 0.006 0.007 0.007 0.007 0.007
HOH01A0112_002 0.000 0.000 0.001 0.000 0.001 0.000 0.001 0.002 0.002 0.002 0.002 0.003 0.003 0.000 0.003
HOH01A0112_003 0.002 0.002 0.000 0.000 0.000 0.000 0.003 0.000 0.003 0.003 0.003 0.005 0.004 0.004 0.004
HOH01A0112_004 0.002 0.000 0.002 0.002 0.001 0.002 0.003 0.003 0.000 0.000 0.000 0.003 0.004 0.004 0.004
HOH01A0112_005 0.000 0.000 0.000 0.000 0.000 0.001 0.000 0.002 0.000 0.000 0.000 0.002 0.002 0.003 0.000
HOH01A0112_006 0.001 0.000 0.002 0.002 0.002 0.002 0.000 0.003 0.004 0.003 0.003 0.003 0.004 0.004 0.004
HOH01A0112_007 0.001 0.001 0.001 0.000 0.000 0.001 0.002 0.002 0.002 0.000 0.000 0.002 0.003 0.003 0.000
HOH01A0112_008 0.000 0.000 0.000 0.000 0.000 0.000 0.002 0.002 0.000 0.001 0.000 0.002 0.002 0.002 0.002
HOH01A0112_009 0.300 0.321 0.322 0.320 0.320 0.292 0.254 0.251 0.307 0.408 0.422 0.416 0.430 0.439 0.460
HOH01A0112_010 0.010 0.008 0.008 0.008 0.009 0.008 0.000 0.007 0.006 0.005 0.005 0.004 0.003 0.005 0.004
HOH01A0112_011 0.000 0.005 0.005 0.006 0.005 0.000 0.006 0.004 0.004 0.000 0.003 0.004 0.000 0.003 0.003
HOH01A0112_012 0.008 0.007 0.008 0.009 0.009 0.009 0.009 0.009 0.008 0.006 0.006 0.008 0.008 0.007 0.007
HOH01A0112_013 0.013 0.013 0.011 0.013 0.013 0.011 0.011 0.010 0.007 0.008 0.006 0.006 0.006 0.007 0.006
HOH01A0112_014 0.012 0.010 0.011 0.011 0.010 0.010 0.010 0.008 0.008 0.007 0.006 0.006 0.006 0.006 0.006
HOH01A0112_015 0.011 0.012 0.011 0.010 0.011 0.010 0.008 0.007 0.006 0.006 0.006 0.006 0.005 0.006 0.005
HOH01A0112_016 0.033 0.029 0.030 0.028 0.029 0.029 0.030 0.028 0.021 0.019 0.019 0.019 0.016 0.017 0.018
HOH01A0112_017 0.032 0.033 0.029 0.030 0.032 0.030 0.027 0.023 0.019 0.015 0.018 0.017 0.016 0.014 0.013
HOH01A0112_018 0.023 0.023 0.021 0.022 0.022 0.021 0.017 0.015 0.013 0.011 0.010 0.012 0.011 0.010 0.011
HOH01A0112_019 0.057 0.053 0.055 0.051 0.054 0.058 0.066 0.070 0.063 0.048 0.049 0.047 0.045 0.045 0.039
HOH01A0112_020 0.042 0.042 0.039 0.040 0.041 0.045 0.054 0.058 0.054 0.040 0.038 0.039 0.039 0.035 0.033
HOH01A0112_021 0.059 0.056 0.053 0.055 0.053 0.054 0.055 0.046 0.042 0.034 0.033 0.031 0.031 0.028 0.029
HOH01A0112_022 0.087 0.082 0.085 0.086 0.087 0.101 0.109 0.122 0.117 0.099 0.085 0.079 0.083 0.076 0.075
HOH01A0112_023 0.060 0.058 0.054 0.057 0.056 0.057 0.053 0.050 0.042 0.034 0.034 0.035 0.032 0.030 0.031
HOH01A0112_024 0.062 0.058 0.063 0.062 0.061 0.061 0.064 0.065 0.056 0.045 0.046 0.045 0.038 0.040 0.036
HOH01A0112_025 0.021 0.021 0.021 0.020 0.022 0.019 0.016 0.012 0.012 0.009 0.009 0.011 0.009 0.009 0.008
HOH01A0112_026 0.035 0.033 0.035 0.033 0.037 0.033 0.035 0.037 0.033 0.027 0.025 0.025 0.027 0.025 0.021
HOHDMA0112_027 0.127 0.131 0.133 0.134 0.125 0.144 0.162 0.161 0.166 0.168 0.165 0.163 0.166 0.172 0.172
HOH01A0113_001 0.001 0.001 0.002 0.002 0.001 0.001 0.001 0.000 0.002 0.003 0.005 0.004 0.004 0.000 0.005
HOH01A0113_002 0.055 0.055 0.056 0.056 0.059 0.050 0.045 0.043 0.072 0.125 0.134 0.131 0.129 0.133 0.140
HOH01A0113_003 0.370 0.373 0.366 0.367 0.371 0.367 0.369 0.372 0.349 0.304 0.301 0.335 0.373 0.391 0.398
HOHDMA0113_004 0.574 0.571 0.576 0.576 0.569 0.581 0.585 0.586 0.577 0.567 0.560 0.530 0.493 0.476 0.456
HOH01A0122_001 0.000 0.000 0.000 0.000 0.000 0.000 0.000 0.000 0.000 0.000 0.000 0.000 0.000 0.000 0.000
HOH01A0122_002 0.000 0.000 0.000 0.000 0.000 0.000 0.001 0.000 0.002 0.003 0.004 0.003 0.004 0.005 0.005
HOHDMA0122_003 1.000 1.000 1.000 1.000 1.000 1.000 0.998 1.000 0.998 0.997 0.996 0.997 0.996 0.995 0.995
