   Rotamer making statitics:
   Residue   Start  Clean   Swap Rotate   Self  Hbond Repack  Ioni.   TorH     OH  Elect
   NTRA0001      1      1      1      1      1      1      1      2      2      2      2
   ARGA0001      1      1      1      1      1      1      1      4      5      5      5
   PROA0002      1      1      1      1      1      1      1      1      1      1      1
   ASPA0003      1      1      1      1      1      1      1      3      5      5      5
   PHEA0004      1      1      1      1      1      1      1      1      1      1      1
   CYDA0005      1      1      1      1      1      1      1      1      1      1      1
   LEUA0006      1      1      1      1      1      1      1      1      2      2      2
   GLUA0007      1      1      1      1      1      1      1      3      5      5      5
   PROA0008      1      1      1      1      1      1      1      1      1      1      1
   PROA0009      1      1      1      1      1      1      1      1      1      1      1
   TYRA0010      1      1      1      1      1      1      1      2      3      3      2
   THRA0011      1      1      1      1      1      1      1      1      2      2      1
   GLYA0012      0      0      0      0      0      0      0      0      0      0      0
   PROA0013      1      1      1      1      1      1      1      1      1      1      1
   CYDA0014      1      1      1      1      1      1      1      1      1      1      1
   LYSA0015      1      1      1      1      1      1      1      2      2      2      2
   ALAA0016      1      1      1      1      1      1      1      1      1      1      1
   ARGA0017      1      1      1      1      1      1      1      4      4      4      4
   ILEA0018      1      1      1      1      1      1      1      1      2      2      2
   ILEA0019      1      1      1      1      1      1      1      1      2      2      1
   ARGA0020      1      1      1      1      1      1      1      4      5      5      5
   TYRA0021      1      1      1      1      1      1      1      2      2      2      2
   PHEA0022      1      1      1      1      1      1      1      1      1      1      1
   TYRA0023      1      1      1      1      1      1      1      2      2      2      2
   ASNA0024      1      1      2      2      2      2      2      2      2      2      2
   ALAA0025      1      1      1      1      1      1      1      1      1      1      1
   LYSA0026      1      1      1      1      1      1      1      2      2      2      2
   ALAA0027      1      1      1      1      1      1      1      1      1      1      1
   GLYA0028      0      0      0      0      0      0      0      0      0      0      0
   LEUA0029      1      1      1      1      1      1      1      1      2      2      2
   CYDA0030      1      1      1      1      1      1      1      1      1      1      1
   GLNA0031      1      1      2      2      2      4      2      2      2      2      2
   THRA0032      1      1      1      1      1      1      1      1      2      2      2
   PHEA0033      1      1      1      1      1      1      1      1      1      1      1
   VALA0034      1      1      1      1      1      1      1      1      2      2      1
   TYRA0035      1      1      1      1      1      1      1      2      2      2      2
   GLYA0036      0      0      0      0      0      0      0      0      0      0      0
   GLYA0037      0      0      0      0      0      0      0      0      0      0      0
   CYDA0038      1      1      1      1      1      1      1      1      1      1      1
   ARGA0039      1      1      1      1      1      1      1      4      4      4      4
   ALAA0040      1      1      1      1      1      1      1      1      1      1      1
   LYSA0041      1      1      1      1      1      1      1      2      2      2      2
   ARGA0042      1      1      1      1      1      1      1      4      4      4      4
   ASNA0043      1      1      2      2      1      1      1      1      1      1      1
   ASNA0044      1      1      2      2      2      2      2      2      2      2      2
   PHEA0045      1      1      1      1      1      1      1      1      1      1      1
   LYSA0046      1      1      1      1      1      1      1      2      2      2      2
   SERA0047      1      1      1      1      1      1      1      1      3      3      3
   ALAA0048      1      1      1      1      1      1      1      1      1      1      1
   GLUA0049      1      1      1      1      1      1      1      3      5      5      5
   ASPA0050      1      1      1      1      1      1      1      3      5      5      5
   CYDA0051      1      1      1      1      1      1      1      1      1      1      1
   META0052      1      1      1      1      1      1      1      1      1      1      1
   ARGA0053      1      1      1      1      1      1      1      4      5      5      5
   THRA0054      1      1      1      1      1      1      1      1      3      3      2
   CYDA0055      1      1      1      1      1      1      1      1      1      1      1
   GLYA0056      0      0      0      0      0      0      0      0      0      0      0
   GLYA0057      0      0      0      0      0      0      0      0      0      0      0
   ALAA0058      1      1      1      1      1      1      1      1      1      1      1
   CTRA0058      1      1      1      1      1      1      1      3      5      5      5
   HOHA0111      1      1      1      1      1      1      2      3      6    121     39
   HOHA0112      1      1      1      1      1      1      1      2      5    101     27
   HOHA0113      1      1      2      2      2      2      3      5      4     68      4
   HOHA0122      1      1      1      1      1      1      1      2      3     27      3
   Total        58     58     63     63     62     64     64    106    137    436    187
